0.0724166700 -8.8565833300 7
0.1787916700 0.9276666700 7
1.2727083300 -0.0362777800 7
1.5982083300 14.7862777800 7
2.0833333300 -9.4890000000 7
2.5761250000 14.5607777800 7
3.1962916700 0.2109444400 7
3.3989583300 14.2400000000 7
3.7223333300 -0.4742777800 7
3.9388333300 -9.9649722200 7
4.0972500000 -9.3503888900 7
4.4243333300 -10.9369722200 7
4.4757083300 1.1898055600 7
4.5866250000 -10.3350000000 7
4.7636250000 -0.7065000000 7
4.9457500000 -10.8870000000 7
4.9978333300 -9.1358888900 7
5.3886250000 0.7169722200 7
5.7011666700 -9.9527777800 7
5.8156666700 -10.5760000000 7
7.3824166700 1.1123333300 7
7.4167500000 1.0912222200 7
7.4501666700 -9.9442777800 7
7.6385416700 0.9183333300 7
8.2469583300 -0.2215833300 7
8.9380833300 1.2447500000 7
8.9380833300 1.2447500000 7
9.0557500000 -0.5174722200 7
9.4172083300 -9.1360833300 7
9.5991666700 -0.0068888900 7
9.6777500000 -9.7867777800 7
10.0932916700 0.9943055600 7
10.1347916700 -9.8582777800 7
11.1225000000 -9.7041944400 7
11.2080000000 -10.4979722200 7
11.4124583300 0.5796944400 7
11.7502916700 -0.0493888900 7
11.8186666700 0.3879166700 7
12.1345833300 0.1838333300 7
12.3286666700 -10.6259722200 7
12.4620833300 0.0583333300 7
12.5352916700 1.2250833300 7
12.8770000000 0.6971666700 7
12.9697916700 -0.4175833300 7
13.5351666700 -9.7771944400 7
13.5831666700 0.4577500000 7
13.9135833300 14.9308888900 7
14.7322916700 1.1912777800 7
14.7778750000 14.7222777800 7
14.8660000000 -10.0039722200 7
16.0895000000 0.1798055600 7
16.4312916700 0.6677222200 7
16.6232916700 0.0228333300 7
17.0420833300 13.6461944400 7
17.4785000000 -1.2128888900 7
17.7369583300 0.3200000000 7
18.1127916700 14.6397777800 7
18.4448750000 0.8539444400 7
18.9334583300 0.3374444400 7
18.9936666700 -8.6376944400 7
19.7962916700 14.0745000000 7
19.8940000000 -0.4031944400 7
20.2912916700 -0.4858888900 7
20.3591666700 -9.5216944400 7
20.7633750000 -0.9718888900 7
21.4190833300 14.8350000000 7
21.6688750000 0.4225277800 7
21.6867916700 0.0781388900 7
21.8310833300 0.9308055600 7
22.1396666700 13.1755833300 7
22.4276666700 -0.9330000000 7
22.8413750000 -10.4860000000 7
22.9132916700 -9.8687777800 7
23.0405833300 -8.3971944400 7
23.5238750000 0.8526388900 7
24.2858750000 -0.4106944400 7
24.6062916700 -0.0928888900 7
24.7231666700 -8.9421944400 7
24.7880000000 -8.4430833300 7
24.7948750000 -9.7063888900 7
24.8936666700 -8.5148888900 7
24.9112916700 -0.3965833300 7
25.1991666700 0.8088055600 7
25.5866666700 -0.8918888900 7
26.3366666700 0.2784166700 7
26.3539583300 -8.3178888900 7
26.8575833300 -0.4543888900 7
27.0400833300 -0.1715833300 7
27.2305000000 0.4096944400 7
28.3256666700 0.1531944400 7
29.0636666700 -8.8272777800 7
29.6240833300 -8.4818888900 7
29.7401666700 12.5381944400 7
30.0500833300 -0.4652777800 7
30.0916666700 -8.7532777800 7
30.1616666700 1.0401666700 7
30.1935833300 13.3384722200 7
30.2060833300 13.4746944400 7
30.2168750000 -0.4250833300 7
30.2641666700 12.9655833300 7
30.5347916700 -8.1490833300 7
30.7315833300 -0.6840833300 7
30.8216666700 -1.0229722200 7
30.9085833300 0.9701388900 7
31.1902916700 0.6674166700 7
31.2261666700 -8.1937777800 7
31.2428750000 -8.1155833300 7
31.2428750000 -8.1155833300 7
31.6601666700 -9.2247777800 7
32.6833750000 -8.4202777800 7
32.8396666700 -8.3285833300 7
32.8437916700 0.3714166700 7
34.5837916700 -8.5497777800 7
35.1484583300 -8.5521944400 7
35.2971666700 -8.2190833300 7
35.4298750000 -0.3009722200 7
35.9072916700 0.5418055600 7
37.1637916700 0.7730277800 7
37.1800833300 -0.7483888900 7
37.2996666700 -0.8142777800 7
37.4595833300 -7.7156944400 7
37.7363750000 0.8259722200 7
37.7712916700 -7.9513888900 7
37.8433750000 -8.8469722200 7
37.9436666700 0.4613333300 7
38.0172916700 0.5504722200 7
38.0435833300 -0.1312777800 7
38.1105833300 -0.1957777800 7
38.2845833300 -0.4346944400 7
38.3555000000 0.4874722200 7
38.8410833300 -8.5413888900 7
38.8420833300 0.0928055600 7
39.0790833300 -0.0913888900 7
39.1962916700 -0.5232777800 7
39.2161666700 -7.5818888900 7
39.5223750000 -0.2810833300 7
39.8143750000 0.0840277800 7
40.7276666700 -7.3681944400 7
40.7777916700 -0.4252777800 7
41.1370000000 0.7721111100 7
42.0865833300 0.1657500000 7
42.1968750000 -0.2192777800 7
42.4336666700 0.5548055600 7
43.7746666700 0.2463055600 7
44.6512916700 -7.4509722200 7
45.0155833300 -7.2821944400 7
45.0591666700 -8.4625833300 7
45.2050833300 -7.3603888900 7
49.8910833300 -7.5366944400 7
50.1929583300 -7.7041944400 7
53.1360000000 -6.6562777800 7
53.9871666700 -6.7423888900 7
54.0429583300 -6.3226944400 7
111.5719583300 38.5805000000 5
111.7469583300 43.3197777800 5
112.1569583300 45.0022777800 5
112.2390000000 44.1591944400 5
112.7469583300 40.8147777800 5
113.0509583300 44.8271944400 5
113.5210000000 32.0541944400 5
113.5239583300 28.6762777800 5
113.6329583300 44.5091944400 5
114.4150000000 29.2197777800 5
114.4629583300 27.2330000000 5
114.4909583300 38.1167777800 5
114.5450000000 40.2357777800 5
114.8339583300 31.8680833300 5
114.8960000000 39.1865833300 5
114.9290000000 33.2106944400 5
114.9360000000 29.6864722200 5
115.1300000000 29.9834722200 5
115.1810000000 31.7002777800 5
115.1810000000 34.7353888900 5
115.2249583300 33.3350833300 5
115.2249583300 33.3350833300 5
115.4110000000 27.8473888900 5
115.6749583300 37.7338888900 5
115.8829583300 19.6615833300 5
115.9840000000 43.8118888900 5
115.9840000000 43.8118888900 5
115.9919583300 32.5867777800 5
116.0060000000 32.3522777800 5
116.3010000000 32.4234722200 5
116.3010000000 32.4234722200 5
116.3129583300 42.6227777800 5
116.3640000000 22.4147777800 5
116.5729583300 23.5160833300 5
116.6049583300 30.3389722200 5
116.6740000000 29.3178888900 5
116.7810000000 30.9040833300 5
116.9240000000 40.3515833300 5
116.9860000000 23.1466944400 5
116.9939583300 33.9089722200 5
117.0190000000 41.4934722200 5
117.0700000000 42.4191944400 5
117.1820000000 37.4450000000 5
117.3260000000 37.3361944400 5
117.5419583300 30.6755833300 5
117.5520000000 34.6778888900 5
117.5640000000 43.3717777800 5
117.6629583300 43.0130833300 5
117.7009583300 47.2922777800 5
117.7789583300 34.0843888900 5
117.7969583300 49.8557777800 5
117.8040000000 31.3437777800 5
117.8189583300 40.2198888900 5
117.8319583300 23.2312777800 5
117.8790000000 50.4483888900 5
117.9939583300 42.7562777800 5
118.0160000000 31.2229722200 5
118.1849583300 31.4439722200 5
118.3900000000 40.6145833300 5
118.3929583300 51.3952777800 5
118.3929583300 51.3952777800 5
118.4049583300 43.6226944400 5
118.5189583300 49.1371944400 5
118.5409583300 31.3203888900 5
118.5780000000 29.9791944400 5
118.6470000000 47.9279722200 5
118.6990000000 47.1280000000 5
118.7060000000 36.6718888900 5
118.7099583300 51.5132777800 5
118.7429583300 41.2665833300 5
119.0049583300 28.3971944400 5
119.0949583300 29.2392777800 5
119.1159583300 27.6408888900 5
119.1200000000 51.3807777800 5
119.1649583300 32.5191944400 5
119.1700000000 22.2867777800 5
119.2240000000 43.8759722200 5
119.2300000000 41.0015833300 5
119.3019583300 22.6062777800 5
119.3469583300 44.2785000000 5
119.3709583300 49.4006944400 5
119.4650000000 37.7650000000 5
119.5690000000 34.3821944400 5
119.6489583300 53.7250000000 5
119.6649583300 50.7973888900 5
119.7069583300 22.7280000000 5
119.7950000000 19.4508888900 2
119.8100000000 41.1244722200 5
119.9689583300 29.5733888900 5
120.0159583300 42.2146944400 5
120.0179583300 18.8263888900 2
120.0219583300 21.8374722200 3
120.3599583300 37.4441944400 5
120.4699583300 36.4680000000 5
120.5370000000 36.0715000000 5
120.6129583300 43.1535000000 5
120.7469583300 50.8666944400 5
120.7519583300 31.9795833300 5
120.8149583300 51.3126944400 5
120.8759583300 26.8312777800 5
120.9229583300 27.4662777800 5
121.0809583300 42.9827777800 5
121.1039583300 27.7230833300 5
121.1120000000 23.6930833300 3
121.1789583300 43.5450833300 5
121.1939583300 28.3953888900 5
121.3319583300 25.6991944400 3
121.3379583300 18.3496944400 2
121.4740000000 24.5897777800 3
121.5420000000 28.4430000000 5
121.5460000000 31.5706944400 5
121.5979583300 20.1087777800 2
121.6419583300 42.6180833300 5
121.6600000000 33.5473888900 5
121.6770000000 45.2980000000 5
121.7029583300 30.2925833300 5
121.8039583300 23.7551944400 3
121.8369583300 26.5225000000 3
121.8909583300 57.0155833300 5
121.9099583300 17.9366944400 2
121.9380000000 41.8390833300 5
121.9539583300 21.3561944400 3
121.9730000000 24.5243888900 3
122.2049583300 40.1551944400 5
122.2149583300 28.9913888900 3
122.2390000000 36.8077777800 5
122.2800000000 5.4488611100 2
122.3560000000 29.9932777800 3
122.5110000000 50.4273888900 5
122.7059583300 38.3987777800 5
122.7059583300 38.3987777800 5
122.7879583300 5.7794444400 2
122.8390000000 45.2886944400 5
122.8390000000 45.2886944400 5
122.9239583300 51.9530000000 5
123.0499583300 48.8571944400 5
123.0619583300 29.2496944400 3
123.2540000000 28.1172777800 3
123.2910000000 49.1331944400 5
123.4249583300 34.7097777800 5
123.5020000000 25.3299722200 3
123.5930000000 33.3780833300 3
123.6029583300 47.4562777800 5
123.6399583300 48.4900833300 5
123.7879583300 7.2895000000 2
123.8370000000 32.5868888900 3
123.8709583300 3.8647222200 2
123.8730000000 33.3617777800 3
123.9210000000 7.4197777800 2
123.9880000000 33.5228888900 3
124.0319583300 28.9751944400 3
124.4500000000 49.6391944400 5
124.4500000000 6.6271944400 2
124.4920000000 30.4926944400 3
124.5459583300 3.4430277800 2
124.6870000000 3.3884166700 2
124.6910000000 29.6400000000 3
124.7619583300 25.0227777800 3
124.7799583300 41.6533888900 5
124.8730000000 23.3769722200 3
124.8790000000 36.9018888900 5
124.9519583300 30.3610000000 3
124.9889583300 30.8770833300 3
125.0010000000 6.9616388900 2
125.0030000000 31.5696944400 3
125.0629583300 53.3601944400 5
125.0650000000 24.4565833300 3
125.1410000000 43.4642777800 5
125.2639583300 40.1508888900 5
125.2809583300 31.1307777800 3
125.3220000000 5.7601111100 2
125.3629583300 26.0846944400 3
125.3659583300 23.0425000000 3
125.3969583300 40.7120833300 5
125.5379583300 31.6656944400 3
125.5379583300 31.6656944400 3
125.5490000000 37.1687777800 3
125.5690000000 6.0624444400 2
125.5879583300 21.7361944400 3
125.6039583300 8.0487500000 2
125.6850000000 30.0396944400 3
125.7960000000 5.9454166700 2
125.9210000000 24.3015000000 3
125.9210000000 24.3015000000 3
125.9670000000 55.3062777800 5
126.1479583300 7.5453888900 2
126.2589583300 19.3478888900 2
126.2959583300 39.0795000000 5
126.3519583300 42.7379722200 5
126.3540000000 7.6706388900 2
126.3950000000 45.2813888900 5
126.5330000000 45.7306944400 5
126.5570000000 55.5795833300 5
126.5599583300 45.1552777800 5
126.6049583300 26.2145833300 3
126.9030000000 6.3033611100 2
126.9770000000 4.5173888900 2
127.1430000000 25.3278888900 3
127.1430000000 25.3278888900 3
127.2259583300 25.2731944400 3
127.2770000000 24.2436944400 3
127.2799583300 33.5022777800 3
127.2909583300 8.3356111100 2
127.4720000000 32.7707777800 3
127.5359583300 6.2772222200 2
127.6220000000 26.9155833300 3
127.6500000000 25.8777777800 3
127.7169583300 24.1831944400 3
127.8319583300 48.3383888900 5
127.8929583300 54.5682777800 5
127.9409583300 45.7358888900 5
128.0339583300 40.6476944400 3
128.0790000000 34.5897777800 3
128.0860000000 4.5713055600 2
128.1550000000 47.1540000000 5
128.2179583300 26.4882777800 3
128.2400000000 45.5340833300 5
128.3820000000 46.8385833300 5
128.4219583300 20.6686944400 3
128.4670000000 29.1231944400 3
128.5119583300 32.8347777800 3
128.5620000000 35.2208888900 3
128.5709583300 35.8091944400 3
128.6310000000 36.3376944400 3
128.7520000000 21.6217777800 3
128.7719583300 36.1528888900 3
128.8440000000 42.7160833300 3
128.8440000000 42.7160833300 3
128.8489583300 51.6529722200 5
128.8539583300 48.4488888900 5
128.8550000000 51.6415833300 5
128.8779583300 5.7112777800 2
128.9509583300 22.7205000000 3
129.0689583300 6.6155555600 2
129.0849583300 35.5641944400 3
129.2059583300 48.6982777800 5
129.2719583300 6.3934166700 2
129.3060000000 36.5102777800 3
129.3530000000 25.2556944400 3
129.3849583300 31.9207777800 3
129.4430000000 42.6841944400 3
129.6370000000 45.4298888900 5
129.7470000000 25.9725833300 3
129.8600000000 7.0603055600 2
129.9070000000 22.6611944400 3
130.1850000000 36.5576944400 3
130.2390000000 52.0480000000 5
130.4279583300 1.7962500000 2
130.4720000000 9.4956944400 2
130.4950000000 44.1697777800 3
130.5029583300 33.5373888900 3
130.5659583300 47.7135000000 5
130.8110000000 43.4133888900 3
130.8469583300 44.2297777800 3
131.0499583300 44.6832777800 3
131.2020000000 4.5846111100 2
131.2329583300 0.7858055600 2
131.2539583300 7.5906666700 2
131.2790000000 31.1675000000 3
131.3129583300 7.6456388900 2
131.3389583300 27.3125000000 3
131.4170000000 -0.0263888900 2
131.4859583300 49.0823888900 5
131.5339583300 40.3397777800 3
131.5520000000 55.2800833300 5
131.6100000000 46.2853888900 5
131.7100000000 5.4960833300 2
131.7470000000 34.8068888900 3
131.8540000000 41.4470833300 3
131.8890000000 34.9102777800 3
131.9850000000 31.7993888900 3
132.0259583300 36.5230833300 3
132.0680000000 -0.3599722200 2
132.1930000000 55.1998888900 5
132.2030000000 42.1681944400 3
132.2259583300 1.5810277800 2
132.2270000000 41.4358888900 3
132.3379583300 7.4312500000 2
132.3860000000 29.1881944400 3
132.3860000000 29.1881944400 3
132.4430000000 22.8127777800 3
132.5440000000 26.3790833300 3
132.7560000000 32.6935000000 3
132.9220000000 1.3250833300 2
132.9220000000 1.3250833300 2
132.9389583300 48.0102777800 5
133.0879583300 56.6659722200 5
133.1420000000 22.8916944400 3
133.1599583300 26.4475000000 3
133.1910000000 29.9170000000 3
133.3779583300 42.7320833300 3
133.4299583300 37.0672777800 3
133.5130000000 57.5955000000 5
133.5730000000 53.4597777800 5
133.6690000000 27.7363888900 3
133.6759583300 51.1265833300 5
133.7640000000 23.5817777800 3
133.9299583300 0.4856666700 2
134.0089583300 34.4134722200 3
134.1070000000 25.5223888900 3
134.1100000000 1.7883611100 2
134.1630000000 23.8450833300 3
134.1670000000 25.5180000000 3
134.1680000000 1.8546944400 2
134.2309583300 32.0985833300 3
134.3640000000 49.7046944400 5
134.4230000000 30.2163888900 3
134.4310000000 29.4527777800 3
134.4760000000 26.5257777800 3
134.4800000000 3.7957222200 2
134.5370000000 27.7562777800 3
134.6200000000 40.1762777800 3
134.6409583300 25.4070000000 3
134.6830000000 43.4692777800 3
134.6939583300 53.2786944400 5
134.7330000000 1.8720277800 2
134.7589583300 29.9158888900 3
134.9000000000 50.3112777800 5
135.0580000000 28.3825833300 3
135.1920000000 1.0128888900 2
135.2200000000 51.6130833300 5
135.2570000000 7.1889722200 2
135.4159583300 50.5142777800 5
135.4509583300 4.6172500000 2
135.4790000000 38.0928888900 3
135.4800000000 39.0234722200 3
135.5349583300 51.7312777800 5
135.5479583300 0.6498611100 2
135.5529583300 37.3688888900 3
135.5679583300 37.9566944400 3
135.5900000000 24.5832777800 3
135.6579583300 29.9085833300 3
135.6590000000 52.4709722200 5
135.6939583300 36.4957777800 3
135.7130000000 10.1248888900 2
135.8390000000 52.8485833300 5
135.8390000000 52.8485833300 5
135.8870000000 27.3242777800 3
136.0149583300 23.8915833300 3
136.1349583300 10.2036944400 2
136.2129583300 40.2992777800 3
136.3459583300 0.1935555600 2
136.3530000000 2.2514166700 2
136.3549583300 34.2498888900 3
136.4480000000 52.5028888900 5
136.4480000000 52.5028888900 5
136.4859583300 46.4575833300 3
136.5100000000 1.4570277800 2
136.5209583300 8.5232777800 2
136.7020000000 41.3093888900 3
136.7170000000 31.0157777800 3
136.7220000000 7.0700277800 2
136.7630000000 27.1191944400 3
136.7930000000 43.0000000000 3
136.8009583300 27.1047777800 3
136.8710000000 55.4678888900 5
136.8969583300 52.0645833300 5
136.8989583300 43.7262777800 3
136.9370000000 54.5283888900 5
136.9830000000 6.5795277800 2
136.9890000000 42.3064722200 3
137.0970000000 6.1134444400 2
137.1490000000 42.2575833300 3
137.3860000000 37.2363888900 3
137.4430000000 36.4951944400 3
137.5329583300 35.6556944400 3
137.6389583300 43.4562777800 3
137.7210000000 37.1185833300 3
137.8129583300 39.4245833300 3
137.8760000000 29.9945833300 3
137.9729583300 8.6805277800 2
137.9919583300 3.2745000000 2
138.0360000000 0.9825555600 2
138.0579583300 42.7944722200 3
138.1090000000 8.1170000000 2
138.1149583300 -0.1547777800 2
138.1330000000 25.1664722200 3
138.1339583300 5.5530000000 2
138.1649583300 45.7820833300 3
138.2589583300 41.1946944400 3
138.2930000000 39.3826944400 3
138.3410000000 2.1922500000 2
138.4870000000 9.1238611100 2
138.5060000000 0.9692500000 2
138.5380000000 34.2454722200 3
138.6850000000 56.0435833300 5
138.8009583300 26.2303888900 3
138.8300000000 29.7320833300 3
138.8980000000 43.5508888900 3
138.9720000000 31.1951944400 3
139.0089583300 41.5651944400 3
139.0320000000 1.9135277800 2
139.0399583300 9.8676111100 2
139.0889583300 1.0043055600 2
139.1210000000 1.6335555600 2
139.2529583300 33.5409722200 3
139.3540000000 2.3750000000 2
139.3690000000 1.2455277800 2
139.4740000000 0.0502500000 2
139.4960000000 3.2742777800 2
139.5659583300 48.1931944400 3
139.6529583300 0.3036388900 2
139.6789583300 40.2860000000 3
139.7560000000 42.9098888900 3
139.7920000000 29.7040833300 3
139.8180000000 44.6805833300 3
139.8590000000 9.7393611100 2
139.8660000000 45.0900833300 3
139.8760000000 2.4140000000 2
140.0389583300 43.7715000000 3
140.1109583300 6.6633611100 2
140.2489583300 47.8320833300 3
140.2880000000 30.6801944400 3
140.4329583300 3.4378055600 2
140.4490000000 59.6345833300 5
140.5020000000 4.7593888900 2
140.6119583300 7.0939166700 2
140.6740000000 37.9471944400 3
140.7369583300 46.1240833300 3
140.7410000000 44.7809722200 3
140.7909583300 26.0966944400 3
140.8020000000 25.9123888900 3
140.8099583300 51.0056944400 3
140.8319583300 6.1836944400 2
140.8450000000 46.3097777800 3
140.9489583300 31.1316944400 3
140.9939583300 58.7358888900 5
141.0289583300 30.4810833300 3
141.0469583300 36.2380833300 3
141.0579583300 42.8358888900 3
141.2570000000 37.0496944400 3
141.4299583300 30.2553888900 3
141.4749583300 4.5332500000 2
141.4939583300 55.6618888900 5
141.5329583300 47.7614722200 3
141.5500000000 36.5919722200 3
141.6460000000 4.6703888900 2
141.7210000000 -0.1422777800 2
141.7359583300 4.2703055600 2
141.7410000000 55.2984722200 5
141.7410000000 55.2984722200 5
141.7810000000 49.8674722200 3
141.9059583300 28.1418888900 3
141.9370000000 7.1825555600 2
141.9370000000 7.1825555600 2
141.9799583300 27.9720833300 3
142.0239583300 56.7180833300 5
142.0350000000 51.9648888900 3
142.1189583300 48.7470833300 3
142.1270000000 -0.2702777800 2
142.2320000000 44.1523888900 3
142.2799583300 0.0775555600 2
142.3649583300 35.0390833300 3
142.4190000000 32.1757777800 3
142.4290000000 6.7678055600 2
142.6459583300 46.7355833300 3
142.6930000000 3.2241111100 2
142.7200000000 54.7273888900 5
142.8350000000 33.7950000000 3
143.0440000000 -0.2386944400 2
143.0940000000 59.0103888900 5
143.1139583300 3.5229166700 2
143.2359583300 7.7033888900 2
143.3309583300 54.3458888900 3
143.4000000000 38.7569722200 3
143.5470000000 0.4978055600 2
143.7839583300 27.2800833300 3
143.8600000000 11.3622777800 2
143.8979583300 51.0223888900 3
143.9930000000 46.1771944400 3
144.1059583300 39.8260000000 3
144.1740000000 10.2400833300 2
144.2740000000 7.8857777800 2
144.3180000000 45.6219722200 3
144.4029583300 -0.1255000000 2
144.4829583300 59.7851944400 5
144.4839583300 40.6473888900 3
144.5529583300 2.0271666700 2
144.6649583300 27.4984722200 3
144.7479583300 27.3694722200 3
144.7520000000 40.8835833300 3
144.8959583300 36.6668888900 3
144.9399583300 51.2241944400 3
145.1309583300 29.2074722200 3
145.1699583300 58.5319722200 5
145.1730000000 34.2596944400 3
145.1789583300 56.8727777800 5
145.1949583300 47.2390833300 3
145.2520000000 1.5889444400 2
145.2920000000 33.4987777800 3
145.5449583300 56.7685000000 5
145.5929583300 0.2782500000 2
145.6850000000 56.9340833300 5
145.7069583300 4.8058055600 2
145.7129583300 0.6204444400 2
145.7889583300 48.1944722200 3
145.9170000000 39.6831944400 3
145.9170000000 39.6831944400 3
145.9689583300 53.5058888900 3
146.1549583300 6.3578055600 2
146.2020000000 62.1069722200 5
146.2049583300 30.5177777800 3
146.4919583300 29.4542777800 3
146.4919583300 29.4542777800 3
146.4950000000 56.6835833300 5
146.4970000000 5.3132777800 2
146.5080000000 41.4028888900 3
146.5459583300 28.1928888900 3
146.5720000000 5.8318888900 2
146.6330000000 8.1583055600 2
146.6529583300 32.6636944400 3
146.6529583300 32.6636944400 3
146.6970000000 28.0475833300 3
146.7809583300 5.2402777800 2
146.8460000000 30.8223888900 3
146.8700000000 40.9138888900 3
146.8700000000 40.9138888900 3
146.8959583300 58.5127777800 5
146.9979583300 12.0937777800 2
147.0589583300 56.1658888900 3
147.0890000000 56.5958888900 3
147.1419583300 10.8318888900 2
147.3839583300 36.9617777800 3
147.4230000000 28.6020000000 3
147.4619583300 11.1972777800 2
147.5860000000 37.8991944400 3
147.6950000000 4.2475833300 2
147.8749583300 33.3662777800 3
147.9139583300 32.0740833300 3
147.9139583300 32.0740833300 3
147.9639583300 59.7415833300 5
147.9639583300 59.7415833300 5
148.0200000000 33.4072777800 3
148.0749583300 29.0854722200 3
148.1109583300 48.9266944400 3
148.1449583300 12.5948888900 2
148.1949583300 63.4225833300 5
148.3480000000 -0.6340833300 2
148.4689583300 8.0176388900 2
148.5170000000 34.2016944400 3
148.5790000000 52.3757777800 3
148.5939583300 34.1698888900 3
148.6349583300 38.9483888900 3
148.7529583300 60.1965833300 5
148.9419583300 52.4242777800 3
148.9499583300 41.1652777800 3
148.9670000000 50.0253888900 3
149.0449583300 55.4960000000 3
149.0479583300 42.9165833300 3
149.0829583300 -0.9940000000 2
149.0839583300 10.0860833300 2
149.1009583300 60.9041944400 5
149.1960000000 36.1907777800 3
149.2019583300 38.5607777800 3
149.2509583300 35.1498888900 3
149.2959583300 64.0967777800 5
149.3129583300 42.7671944400 3
149.3180000000 34.2105000000 3
149.3389583300 42.6457777800 3
149.3920000000 39.9898888900 3
149.4160000000 8.1256111100 2
149.4800000000 8.5117500000 2
149.6539583300 54.5095000000 3
149.6649583300 30.8493888900 3
149.6659583300 -0.1552777800 2
149.7329583300 33.2715000000 3
149.7440000000 2.0274166700 2
149.7860000000 10.0914722200 2
149.8740000000 63.5665833300 5
149.9480000000 10.6233888900 2
150.0639583300 44.6465833300 3
150.0639583300 44.6465833300 3
150.0729583300 0.0899166700 2
150.1409583300 13.4030000000 2
150.1590000000 10.6777777800 2
150.2079583300 3.4310277800 2
150.2990000000 63.5402777800 5
150.3089583300 61.1592777800 5
150.3799583300 8.0066388900 2
150.4440000000 38.5050833300 3
150.4749583300 58.3849722200 5
150.5459583300 10.0176944400 2
150.6730000000 40.9326944400 3
150.6759583300 4.7004166700 2
150.7390000000 44.3329722200 3
150.7769583300 46.7821944400 3
151.1850000000 3.9782777800 2
151.1949583300 38.2652777800 3
151.2479583300 13.0697777800 2
151.7150000000 34.6289722200 3
151.8859583300 4.6717222200 2
151.9629583300 4.5321944400 2
152.0180000000 62.2357777800 5
152.0390000000 35.1576944400 3
152.0970000000 49.7965000000 3
152.1549583300 -0.3096944400 2
152.3689583300 45.8633888900 3
152.4999583300 56.0745833300 3
152.5380000000 3.1179166700 2
152.6380000000 56.4441944400 3
152.6739583300 36.6538888900 3
152.7170000000 34.9257777800 3
152.7729583300 30.6478888900 3
152.7859583300 56.5076944400 3
152.7929583300 8.1387222200 2
152.9139583300 13.0593888900 2
152.9660000000 7.5208888900 2
152.9679583300 64.1993888900 5
152.9940000000 38.8847777800 3
153.0159583300 53.2254722200 3
153.0459583300 7.6638611100 2
153.0499583300 10.6407777800 2
153.0790000000 55.4117777800 3
153.1160000000 34.6110833300 3
153.1810000000 45.1700000000 3
153.2199583300 45.8571944400 3
153.3700000000 11.4717777800 2
153.4330000000 48.3401944400 3
153.4940000000 1.3245555600 2
153.5699583300 48.8043888900 3
153.5709583300 4.7339166700 2
153.6790000000 58.2952777800 3
153.6930000000 31.5734722200 3
153.7870000000 3.7660555600 2
153.9199583300 48.1902777800 3
153.9820000000 49.3846944400 3
154.0170000000 0.2035555600 2
154.0720000000 61.4170000000 5
154.0829583300 45.5492777800 3
154.0850000000 47.7075833300 3
154.1000000000 9.9080555600 2
154.1550000000 54.1501944400 3
154.2529583300 42.2314722200 3
154.2899583300 35.2831944400 3
154.3509583300 56.3521944400 3
154.3610000000 1.9778055600 2
154.3949583300 44.3063888900 3
154.4960000000 46.3108888900 3
154.6250000000 48.8527777800 3
154.6969583300 44.8625833300 3
154.7990000000 1.0896666700 2
154.8919583300 33.1505833300 3
154.9049583300 30.9525000000 3
154.9180000000 4.8026944400 2
155.0120000000 53.5340833300 3
155.0120000000 56.3564722200 3
155.0150000000 47.6719722200 3
155.0809583300 36.6237777800 3
155.1609583300 9.7165277800 2
155.2550000000 11.9312777800 2
155.3029583300 64.9707777800 5
155.3229583300 13.2626944400 2
155.3359583300 35.4167777800 3
155.4360000000 6.6462500000 2
155.4799583300 31.9164722200 3
155.5669583300 43.7256944400 3
155.5869583300 3.3711944400 2
155.6100000000 7.6508333300 2
155.6260000000 51.0546944400 3
155.6450000000 52.0829722200 3
155.6560000000 55.8704722200 3
155.7410000000 0.8195833300 2
155.7880000000 6.8261388900 2
155.8990000000 38.8191944400 3
155.9039583300 13.1087777800 2
155.9880000000 4.7348333300 2
156.0300000000 46.5231944400 3
156.0899583300 11.3620833300 2
156.1739583300 6.4456111100 2
156.2529583300 50.9773888900 3
156.2800000000 12.4538888900 2
156.2839583300 40.4609722200 3
156.2889583300 10.2699722200 2
156.3029583300 60.2968888900 5
156.4049583300 45.5630000000 3
156.5189583300 36.6980000000 3
156.5290000000 1.5292777800 2
156.6680000000 38.3570833300 3
156.8369583300 13.1976944400 2
156.8369583300 13.8339722200 2
156.9910000000 6.9967777800 2
157.0999583300 6.9733055600 2
157.1169583300 10.2076944400 2
157.1260000000 6.8961111100 2
157.1539583300 -1.0075833300 2
157.1539583300 -1.0075833300 2
157.2170000000 47.4814722200 3
157.2642083300 3.8874722200 2
157.4059583300 63.4931944400 5
157.5330000000 49.0830833300 3
157.5860000000 30.7148888900 3
157.5999583300 56.3090833300 3
157.6589583300 8.8902500000 2
157.7450000000 32.2659722200 3
157.7669583300 65.4295833300 5
157.7940000000 39.8894722200 3
158.0820000000 52.3951944400 3
158.1670000000 64.4711944400 5
158.3559583300 37.8927777800 3
158.3579583300 1.4767500000 2
158.4469583300 31.9785833300 3
158.4780000000 2.6617500000 2
158.5780000000 46.4186944400 3
158.6939583300 6.5592500000 2
158.7090000000 31.5571944400 3
158.7660000000 33.3973888900 3
158.7739583300 32.7115833300 3
158.8640000000 49.9742777800 3
158.9089583300 9.1617500000 2
159.0100000000 46.9156944400 3
159.0230000000 3.8769722200 2
159.1650000000 2.4315000000 2
159.1840000000 6.3401388900 2
159.2350000000 64.6546944400 5
159.2749583300 9.8115555600 2
159.3890000000 62.4444722200 5
159.4189583300 13.2051944400 2
159.4399583300 31.0590833300 3
159.5360000000 47.4596944400 3
159.5929583300 13.7825833300 2
159.5950000000 8.3492777800 2
159.6220000000 61.9081944400 5
159.6279583300 37.4896944400 3
159.7019583300 38.5467777800 3
159.7510000000 45.6156944400 3
159.7510000000 45.6156944400 3
159.7640000000 49.2395833300 3
159.7660000000 60.3789722200 3
159.7709583300 59.2025000000 3
159.7759583300 29.9552777800 3
159.8789583300 58.2858888900 3
159.8920000000 39.8826944400 3
159.9370000000 33.6267777800 3
160.0310000000 6.4190833300 2
160.1719583300 8.2889166700 2
160.2150000000 14.3983888900 2
160.2550000000 10.7142777800 2
160.2740000000 8.3765277800 2
160.3079583300 3.7200000000 2
160.3079583300 3.8444444400 2
160.3089583300 59.0386944400 3
160.3810000000 12.5015833300 2
160.4769583300 31.0298888900 3
160.6649583300 58.5418888900 3
160.6680000000 8.9724444400 2
160.6839583300 42.0966944400 3
160.7220000000 -0.2167777800 2
160.7389583300 31.0175833300 3
160.7979583300 11.3970833300 2
160.8400000000 8.1205833300 2
160.8820000000 36.3614722200 3
160.9809583300 56.4657777800 3
161.0279583300 7.8255555600 2
161.0579583300 38.4440000000 3
161.0809583300 53.4525833300 3
161.0960000000 0.6821111100 2
161.1200000000 65.7421944400 5
161.1269583300 42.9278888900 3
161.1910000000 52.2951944400 3
161.2079583300 31.0996944400 3
161.2089583300 36.5930833300 3
161.2880000000 66.3949722200 5
161.3129583300 32.4687777800 3
161.3420000000 38.7977777800 3
161.5459583300 14.1457777800 2
161.5459583300 46.1379722200 3
161.5779583300 10.8591944400 2
161.5869583300 49.8937777800 3
161.5889583300 48.5561944400 3
161.6399583300 1.2408055600 2
161.6559583300 55.7280000000 3
161.6889583300 12.3315833300 2
161.6889583300 12.3315833300 2
161.6959583300 13.6970833300 2
161.7359583300 5.6973055600 2
161.7920000000 3.4827222200 2
161.8250000000 50.4022777800 3
161.8549583300 41.2496944400 3
161.9700000000 55.6475000000 3
161.9939583300 13.6743888900 2
162.0690000000 49.4538888900 3
162.2180000000 0.5416388900 2
162.2479583300 12.8894722200 2
162.2820000000 34.6592777800 3
162.2969583300 49.8537777800 3
162.3489583300 1.3734722200 2
162.3489583300 1.3734722200 2
162.3779583300 54.6442777800 3
162.4000000000 7.9704444400 2
162.4460000000 41.8106944400 3
162.4460000000 41.8106944400 3
162.5720000000 1.4141666700 2
162.6090000000 14.8762777800 2
162.7450000000 55.7071944400 3
162.7779583300 53.5286944400 3
162.7820000000 55.8440000000 3
163.0049583300 44.2387777800 3
163.1789583300 34.9456944400 3
163.1910000000 7.4592222200 2
163.3460000000 12.7002777800 2
163.4319583300 14.3831944400 2
163.4520000000 14.9447777800 2
163.5339583300 58.4752777800 3
163.5579583300 -0.3009722200 2
163.5830000000 33.8633888900 3
163.5910000000 38.5126944400 3
163.5960000000 5.3193888900 2
163.5960000000 5.3193888900 2
163.6319583300 38.9225833300 3
163.7190000000 30.3445833300 3
163.8319583300 42.5078888900 3
163.8319583300 42.5078888900 3
163.9420000000 50.6664722200 3
163.9579583300 35.7191944400 3
164.0149583300 7.0430277800 2
164.1020000000 3.6233333300 2
164.1210000000 65.6092777800 5
164.1210000000 65.6092777800 5
164.1439583300 12.1730833300 2
164.1569583300 37.1808888900 3
164.1569583300 67.2725833300 5
164.1569583300 67.2725833300 5
164.1800000000 38.7961944400 3
164.3849583300 34.4545000000 3
164.4019583300 44.8410000000 3
164.4209583300 4.5745833300 2
164.5889583300 40.9942777800 3
164.5960000000 60.1348888900 3
164.6160000000 50.9501944400 3
164.6390000000 36.2077777800 3
164.7210000000 37.0538888900 3
164.8780000000 40.6656944400 3
164.9480000000 41.0620833300 3
165.2719583300 -0.0320000000 2
165.3379583300 2.5591666700 2
165.6160000000 59.3673888900 3
165.6539583300 45.5795833300 3
165.6610000000 34.8015833300 3
165.6670000000 39.7916944400 3
165.6970000000 35.8491944400 3
165.7949583300 8.7836666700 2
165.8750000000 63.5411944400 5
165.8830000000 34.8505833300 3
165.8940000000 11.2451944400 2
165.9679583300 58.8231944400 3
166.3089583300 1.1522500000 2
166.3880000000 -0.9799722200 2
166.4349583300 43.2944722200 3
166.4459583300 38.1631944400 3
166.4910000000 4.9578888900 2
166.4910000000 4.9578888900 2
166.5079583300 56.1603888900 3
166.5329583300 59.4329722200 3
166.6079583300 34.0211944400 3
166.6589583300 50.9076944400 3
166.7259583300 1.4367500000 2
166.8459583300 35.7375833300 3
166.8700000000 0.8030833300 2
166.8920000000 51.2890833300 3
166.9280000000 10.3571944400 2
166.9519583300 40.1345833300 3
166.9820000000 6.6998333300 2
167.0049583300 31.5594722200 3
167.0739583300 6.4758055600 2
167.2769583300 45.9337777800 3
167.3360000000 43.4805833300 3
167.3789583300 35.5070833300 3
167.3789583300 35.5070833300 3
167.4639583300 58.0320833300 3
167.4870000000 55.9465000000 3
167.5569583300 52.6018888900 3
167.5579583300 46.7374722200 3
167.5630000000 53.0585833300 3
167.6450000000 47.3977777800 3
167.7299583300 66.4574722200 4
167.7740000000 52.4635833300 3
167.9010000000 1.1037500000 2
167.9239583300 7.2855833300 2
168.0779583300 1.7071388900 2
168.1069583300 -0.8503888900 2
168.1970000000 13.2348888900 2
168.2300000000 52.5222777800 3
168.3049583300 10.3700833300 2
168.3070000000 6.9945000000 2
168.5630000000 8.2343333300 2
168.7359583300 67.9063888900 4
168.7680000000 55.0286944400 3
168.8660000000 5.1852222200 2
168.9689583300 40.9917777800 3
169.0179583300 36.3430833300 3
169.0400000000 44.3126944400 3
169.1000000000 6.9328611100 2
169.1040000000 1.7528611100 2
169.1879583300 6.6438055600 2
169.2630000000 52.2033888900 3
169.2760000000 40.7312777800 3
169.5929583300 34.9919722200 3
169.8050000000 45.6150000000 3
169.8090000000 8.5963888900 2
169.8320000000 36.5414722200 3
169.9880000000 30.7693888900 3
170.0499583300 67.1876944400 4
170.0689583300 9.5565277800 2
170.1489583300 48.8155833300 3
170.1870000000 36.7190833300 3
170.2320000000 43.2367777800 3
170.2939583300 7.6544722200 2
170.3869583300 12.8162777800 2
170.4280000000 48.5685000000 3
170.5610000000 67.6367777800 4
170.6059583300 9.9565277800 2
170.6100000000 3.2445277800 2
170.6130000000 32.1561944400 3
170.7730000000 13.5088888900 2
170.8379583300 54.1883888900 3
170.9220000000 14.1361944400 2
170.9240000000 1.3494166700 2
170.9900000000 66.3820833300 4
171.0650000000 31.6880833300 3
171.0740000000 31.8719722200 3
171.1790000000 58.4530000000 3
171.1950000000 45.4329722200 3
171.5219583300 37.1132777800 3
171.5500000000 14.0181944400 2
171.6420000000 -2.6105000000 2
171.6779583300 12.3901944400 2
171.7620000000 -1.8160000000 2
171.8580000000 43.0181944400 3
171.8959583300 66.6296944400 4
171.9510000000 41.4282777800 3
171.9779583300 4.3503333300 2
172.0229583300 15.8386944400 2
172.1260000000 6.5441111100 2
172.1349583300 7.6380555600 2
172.1470000000 41.7243888900 3
172.1589583300 -0.9695000000 2
172.1790000000 46.4246944400 3
172.1879583300 50.3440000000 3
172.2189583300 15.3797777800 2
172.2189583300 15.3797777800 2
172.3170000000 1.4644722200 2
172.3590000000 6.6070000000 2
172.3710000000 45.3405833300 3
172.4000000000 -3.6077777800 2
172.4159583300 6.2790833300 2
172.4600000000 53.7161944400 3
172.5389583300 49.8798888900 3
172.5629583300 36.1516944400 3
172.5660000000 12.7657777800 2
172.5719583300 7.5369166700 2
172.6089583300 36.4768888900 3
172.7479583300 32.7206944400 3
172.9509583300 38.6364722200 3
172.9589583300 44.8348888900 3
173.1310000000 3.0977222200 2
173.1880000000 2.7567222200 2
173.1889583300 43.2771944400 3
173.1930000000 37.6823888900 3
173.2490000000 15.8164722200 2
173.4000000000 10.9715833300 2
173.4410000000 3.0603888900 2
173.4650000000 37.3313888900 3
173.5010000000 44.1761944400 3
173.5519583300 7.6770277800 2
173.6430000000 -3.6240000000 2
173.8089583300 1.6922500000 2
173.8449583300 -0.4992777800 2
173.9079583300 65.1129722200 4
173.9120000000 8.3192777800 2
173.9859583300 9.7611666700 2
173.9999583300 2.1955833300 2
174.0149583300 58.9855833300 1
174.1129583300 8.1591944400 2
174.1719583300 9.7293611100 2
174.2199583300 48.4701944400 1
174.2580000000 1.6061388900 2
174.2889583300 39.1230833300 3
174.2919583300 10.3795000000 2
174.2919583300 10.3795000000 2
174.3270000000 12.5452777800 2
174.3849583300 13.1806944400 2
174.4190000000 41.8667777800 3
174.4919583300 42.4083888900 3
174.5129583300 37.0675000000 3
174.5479583300 38.3553888900 3
174.5650000000 15.3320833300 2
174.5980000000 1.6568888900 2
174.5980000000 1.6568888900 2
174.6220000000 4.0169444400 2
174.8949583300 5.6408333300 2
175.0790000000 41.2790833300 1
175.1999583300 42.9132777800 1
175.2630000000 40.0622777800 1
175.2809583300 52.4717777800 1
175.3150000000 45.4222777800 1
175.4290000000 10.3460000000 2
175.5060000000 60.5973888900 1
175.5920000000 39.5008888900 1
175.6740000000 7.0713055600 2
175.8090000000 14.1750833300 2
175.8389583300 14.7196944400 2
175.9749583300 1.2286388900 2
175.9769583300 54.5579722200 1
176.1540000000 65.6307777800 4
176.2619583300 13.8510833300 0
176.2619583300 64.9570833300 4
176.4240000000 45.7625000000 1
176.4250000000 1.4613888900 0
176.5500000000 3.3240555600 0
176.6279583300 32.9661944400 1
176.7410000000 2.1201944400 0
176.7439583300 41.4807777800 1
176.7659583300 13.0675833300 0
176.8269583300 37.9477777800 1
176.8480000000 35.8530000000 1
176.8770000000 8.3376944400 0
176.9000000000 -3.1089722200 0
176.9180000000 11.1640833300 0
176.9269583300 50.0002777800 1
176.9389583300 -0.9358888900 0
177.1210000000 37.7491944400 1
177.1250000000 2.3082500000 0
177.1250000000 42.9225833300 1
177.1339583300 34.8813888900 1
177.2730000000 -0.6578888900 0
177.3699583300 10.8886944400 0
177.3950000000 15.9047777800 0
177.4010000000 2.0470000000 0
177.4529583300 0.1488333300 0
177.4670000000 7.2064722200 0
177.5709583300 53.6220833300 1
177.6009583300 33.0347777800 1
177.6390000000 8.4897500000 0
177.6870000000 31.4711944400 1
177.6930000000 40.1932777800 1
177.7219583300 53.8013888900 1
177.7350000000 0.3680833300 0
177.7712916700 14.6365833300 0
177.7880000000 47.4820833300 1
177.8279583300 56.8942777800 1
177.8720000000 38.4311944400 1
178.0819583300 13.7622777800 0
178.0889583300 50.7435833300 1
178.1579583300 45.1955000000 1
178.1829583300 57.2004722200 1
178.2099583300 48.4270833300 1
178.2160000000 33.1218888900 1
178.3029583300 46.5980833300 1
178.4490000000 -0.7736944400 0
178.4499583300 45.2007777800 1
178.5179583300 14.7886944400 0
178.5540000000 34.1615833300 1
178.5829583300 47.9522777800 1
178.7179583300 12.8785833300 0
178.7539583300 16.1392777800 0
178.7779583300 4.1717777800 0
178.8139583300 34.1168888900 1
178.8370000000 46.5384722200 1
178.8529583300 45.5118888900 1
178.8779583300 12.9698888900 0
178.9399583300 12.8837777800 0
178.9619583300 1.3321666700 0
178.9749583300 48.0578888900 1
179.0149583300 38.3688888900 1
179.0149583300 38.3688888900 1
179.0649583300 44.7734722200 1
179.2609583300 47.9915833300 1
179.3620000000 -2.8767777800 0
179.4919583300 1.7737222200 0
179.6119583300 -0.1170000000 0
179.8609583300 39.5850833300 1
179.8959583300 2.1899166700 0
180.0239583300 14.7531944400 0
180.1149583300 2.5961666700 0
180.1570000000 44.1770833300 1
180.2690000000 57.9795833300 1
180.3540000000 52.3515833300 1
180.4139583300 7.2272777800 0
180.4379583300 42.6544722200 1
180.4629583300 38.7676944400 1
180.5029583300 52.6313888900 1
180.5529583300 33.1381944400 1
180.5829583300 3.4220000000 0
180.6650000000 45.9081944400 1
180.8159583300 15.4135833300 0
180.8240000000 2.2026388900 0
180.9259583300 10.4755000000 0
180.9259583300 10.4755000000 0
181.1860000000 41.6576944400 1
181.4040000000 47.7847777800 1
181.4089583300 58.4808888900 1
181.4109583300 41.4957777800 1
181.4170000000 11.8147777800 0
181.4759583300 53.2800833300 1
181.5159583300 42.6665833300 1
181.5459583300 58.2187777800 1
181.6339583300 6.2594444400 0
181.6560000000 51.3763888900 1
181.6810000000 45.9275833300 1
181.7220000000 49.4885833300 1
181.7260000000 59.5698888900 1
181.7570833300 46.5743888900 1
181.7839583300 -1.0005833300 0
181.9319583300 59.4466944400 1
182.0960000000 9.7894722200 0
182.1050000000 14.3224722200 0
182.1279583300 65.4800833300 4
182.1879583300 35.1807777800 1
182.1879583300 65.5623888900 4
182.2849583300 2.4595277800 0
182.3210000000 34.7873888900 1
182.3840000000 0.7655277800 0
182.4370000000 45.7345833300 1
182.4650000000 36.9101944400 1
182.5569583300 55.8933888900 1
182.5960000000 4.2776111100 0
182.6000000000 3.6471666700 0
182.7299583300 7.8145833300 0
182.7659583300 12.5682777800 0
182.9130000000 35.6582777800 1
182.9190000000 10.5005000000 0
183.0059583300 60.8430000000 1
183.0570000000 63.1014166700 4
183.1220000000 40.9216944400 1
183.1290000000 45.5516944400 1
183.1440000000 42.5176944400 1
183.2779583300 38.7627777800 1
183.3840000000 13.1223888900 0
183.4499583300 37.9512777800 1
183.5459583300 6.9067222200 0
183.6370000000 9.4340277800 0
183.7220000000 8.0826666700 0
183.9739583300 15.7780833300 0
184.1620000000 32.7243888900 1
184.2209583300 35.0842777800 1
184.2400000000 1.8417777800 0
184.3240000000 52.7635833300 1
184.6170000000 42.4827777800 1
184.7299583300 -3.6253888900 0
184.7359583300 11.8483888900 0
184.7369583300 36.6606944400 1
184.7860000000 45.7293888900 1
184.8150000000 3.2530555600 0
184.9679583300 46.9070833300 1
185.0700000000 11.4410833300 0
185.1440000000 5.3751666700 0
185.1909583300 45.9116944400 1
185.3620000000 44.1914722200 1
185.3810000000 10.1075833300 0
185.5980000000 41.3303888900 1
185.7695000000 39.2621944400 1
185.8439583300 55.6088888900 1
186.0449583300 13.7255833300 0
186.1599583300 55.4206944400 1
186.1899583300 47.6768888900 1
186.3149583300 12.7446944400 0
186.3180000000 6.5851388900 0
186.3330000000 43.9232777800 1
186.3679583300 13.2903888900 0
186.4849583300 0.5930555600 0
186.4930000000 -0.8738888900 0
186.4959583300 16.1724722200 0
186.5329583300 -0.1005833300 0
186.6339583300 39.0776944400 1
186.8040000000 12.4676944400 0
186.8159583300 15.4710833300 0
186.9880000000 10.2362777800 0
187.0540000000 48.6813888900 1
187.0780000000 8.3381666700 0
187.2050000000 36.2052777800 1
187.2050000000 36.2052777800 1
187.2640000000 50.6041944400 1
187.4820000000 7.5805277800 0
187.5550000000 7.2318333300 0
187.6169583300 -1.9566944400 0
187.7300000000 3.4273333300 0
187.7470000000 5.8136944400 0
187.8639583300 4.3005000000 0
187.9820000000 15.4614722200 0
188.0248333300 -2.4012777800 0
188.1909583300 58.1212777800 1
188.2290000000 55.6898888900 1
188.2820000000 2.7687777800 0
188.2920000000 16.1903888900 0
188.3160000000 31.5383888900 1
188.3160000000 31.5383888900 1
188.6249583300 13.1510833300 0
188.6650000000 31.6302777800 1
188.6760000000 68.2050833300 4
188.6849583300 40.9152777800 1
188.7659583300 51.1045833300 1
188.7839583300 39.5054722200 1
188.7849583300 65.1970000000 4
188.7919583300 55.6383888900 1
188.7940000000 42.9613888900 1
188.8089583300 3.0713055600 0
188.8489583300 51.5865833300 1
188.8569583300 0.0499166700 0
188.8590000000 15.1351944400 0
189.0310000000 37.4255833300 1
189.0639583300 51.9882777800 1
189.0680000000 5.9891666700 0
189.0700000000 67.6586944400 4
189.0830000000 60.7373888900 1
189.1299583300 2.5136666700 0
189.1980000000 6.0134166700 0
189.2450000000 41.8822777800 1
189.2920000000 39.6487777800 1
189.6160000000 38.3186944400 1
189.6439583300 55.2951944400 1
189.9390000000 53.3012777800 1
190.0269583300 47.6674722200 1
190.1460000000 42.7101944400 1
190.1469583300 8.8204166700 0
190.1469583300 9.8280277800 0
190.2200000000 10.9468888900 0
190.3180000000 51.6915833300 1
190.5109583300 0.2080277800 0
190.5250000000 14.3224722200 0
190.5680000000 38.8568888900 1
190.6850000000 2.4984166700 0
190.7599583300 52.1693888900 1
190.7880000000 40.9977777800 1
190.9480000000 37.7533888900 1
191.0149583300 42.1803888900 1
191.1560000000 5.0082777800 0
191.2209583300 48.8748888900 1
191.3009583300 57.0825000000 1
191.5129583300 5.2659722200 0
191.5649583300 67.5090000000 4
191.8009583300 51.1830833300 1
192.2449583300 39.4031944400 1
192.2539583300 44.9631944400 1
192.2920000000 62.6463888900 4
192.4100000000 5.1570833300 0
192.4480000000 -2.4911944400 0
192.4559583300 59.5379722200 1
192.5899583300 13.7200833300 0
192.6370000000 -2.3078888900 0
192.7009583300 39.8608888900 1
192.8849583300 61.1826944400 1
192.8950000000 49.4186944400 1
192.9010000000 13.7527777800 0
192.9240000000 3.1946666700 0
192.9289583300 46.6262777800 1
193.0469583300 53.5472777800 1
193.1440000000 11.9810833300 0
193.2249583300 40.6537777800 1
193.2869583300 4.5482777800 0
193.4270000000 15.9465000000 0
193.5589583300 52.4152777800 1
193.6600000000 4.5030277800 0
193.8349583300 43.7933888900 1
193.9079583300 49.1064722200 1
193.9480000000 40.2085000000 1
194.1729583300 13.9933888900 0
194.1759583300 38.5805833300 1
194.2489583300 4.4595277800 0
194.2779583300 11.9931944400 0
194.2949583300 -0.4446944400 0
194.3410000000 44.3269722200 1
194.4329583300 0.9593055600 0
194.5999583300 57.1776944400 1
194.6840000000 12.0400833300 0
194.6970000000 52.4755833300 1
194.8080000000 48.1641944400 1
194.9070000000 43.0485833300 1
194.9529583300 65.3955833300 4
194.9529583300 65.3955833300 4
195.0639583300 15.4139722200 0
195.1049583300 52.6306944400 1
195.3260000000 44.8971944400 1
195.4000000000 0.0327222200 0
195.4469583300 3.8276111100 0
195.4829583300 58.7793888900 1
195.6120000000 13.1156944400 0
195.6150000000 6.1432222200 0
195.8340000000 62.4855000000 4
196.2650000000 14.2318888900 0
196.3379583300 49.8616944400 1
196.4050000000 28.5018888900 1
196.4339583300 53.0266944400 1
196.4339583300 53.0266944400 1
196.7149583300 2.2026944400 0
196.8069583300 13.9222777800 0
196.8069583300 62.7266944400 4
196.9229583300 51.4676944400 1
196.9430000000 0.8488888900 0
197.0790000000 5.8100555600 0
197.0939583300 65.1157777800 4
197.0989583300 2.7465277800 0
197.1229583300 60.4935833300 1
197.1870000000 2.8944444400 0
197.2029583300 2.7191388900 0
197.2900000000 55.9605833300 1
197.5130000000 52.3992777800 1
197.5840000000 14.7203888900 0
197.5950000000 44.3418888900 1
197.5980000000 49.9250833300 1
197.6169583300 48.3680000000 1
197.6730000000 39.5755833300 1
197.6939583300 5.2494166700 0
197.8390000000 11.6475000000 0
197.8459583300 45.5330833300 1
197.8839583300 57.6958888900 1
197.9089583300 -0.1680000000 0
198.0170000000 49.7755833300 1
198.1320000000 2.6860000000 0
198.1570000000 55.1027777800 1
198.2289583300 41.8812777800 1
198.2300000000 42.2755833300 1
198.3509583300 45.0651944400 1
198.3660000000 12.7161944400 0
198.4559583300 1.3475555600 0
198.5209583300 4.3060555600 0
198.6510000000 54.9834722200 1
198.7649583300 11.6895833300 0
198.7820000000 -3.5128888900 0
198.8030000000 15.1823888900 0
198.9320000000 59.3474722200 1
198.9950000000 49.5715833300 1
199.1260000000 0.8570833300 0
199.1789583300 53.3082777800 1
199.1830000000 5.5878055600 0
199.3090000000 39.4171944400 1
199.3129583300 3.5594722200 0
199.3449583300 43.2389722200 1
199.4079583300 43.8992777800 1
199.4239583300 57.5136944400 1
199.4720000000 0.1680277800 0
199.4870000000 52.0811944400 1
199.5299583300 39.6593888900 1
199.6079583300 11.8900000000 0
199.8799583300 33.3041944400 1
199.9939583300 58.4171944400 1
200.0970000000 54.6513888900 1
200.2170000000 12.6020000000 0
200.2720000000 52.0640833300 1
200.6179583300 14.1730000000 0
200.7690000000 -0.6489722200 0
200.8489583300 -0.3652777800 0
200.9390000000 33.6650833300 1
201.1340000000 38.0339722200 1
201.1819583300 40.0310833300 1
201.2000000000 28.9334722200 1
201.4430000000 48.2005833300 1
201.4670000000 66.5681944400 4
201.6400000000 -1.9088888900 0
201.7389583300 40.8385833300 1
201.8739583300 45.0162777800 1
201.9420000000 48.7007777800 1
202.0309583300 27.6856944400 1
202.1800000000 1.8553888900 0
202.3009583300 2.5789166700 0
202.3220000000 53.4813888900 1
202.6140000000 -1.7007777800 0
202.6310000000 29.4818888900 1
202.6389583300 -2.7705000000 0
202.7340000000 2.7119722200 0
202.7439583300 46.7828888900 1
202.7779583300 49.7903888900 1
202.7839583300 30.5090833300 1
202.7909583300 12.8828888900 0
202.8360000000 38.3080833300 1
202.9930000000 55.0826944400 1
203.0190000000 -1.2928888900 0
203.0740000000 -2.6803888900 0
203.1610000000 67.2151944400 4
203.2610000000 38.3425000000 1
203.4839583300 3.0314166700 0
203.5969583300 41.3050833300 1
203.6160000000 -1.3968888900 0
203.8120000000 46.5285833300 1
204.0149583300 51.2925833300 1
204.0649583300 49.9246944400 1
204.0750000000 3.3212777800 0
204.0880000000 1.3726944400 0
204.1310000000 3.2398888900 0
204.2980000000 51.3614722200 1
204.3399583300 52.2832777800 1
204.3399583300 66.0872777800 4
204.4120000000 38.4262777800 1
204.6360000000 38.6656944400 1
204.6870000000 -0.3630833300 0
204.7679583300 0.3727500000 0
204.8159583300 56.3966944400 1
205.0260000000 1.9102222200 0
205.0269583300 38.5576944400 1
205.1850000000 10.6178888900 0
205.2110000000 64.4290833300 4
205.2159583300 60.6238888900 4
205.3810000000 45.2847777800 1
205.4960000000 11.8562777800 0
205.5469583300 48.3650833300 1
205.6320000000 57.5263888900 1
205.8150000000 4.8529722200 0
205.8220000000 63.9123888900 4
205.8570000000 -0.2700000000 0
205.9410000000 33.0965833300 1
206.0630000000 63.0368888900 4
206.0710000000 -1.9530833300 0
206.0760000000 3.2193888900 0
206.0760000000 3.2193888900 0
206.2239583300 51.8381944400 1
206.2669583300 28.8051944400 1
206.3590000000 49.7960833300 1
206.3640000000 11.7260000000 0
206.3940000000 54.0484722200 1
206.4300000000 32.9811944400 1
206.4300000000 32.9811944400 1
206.4489583300 -0.3897777800 0
206.5420000000 5.1696111100 0
206.5640000000 3.2765833300 0
206.6539583300 24.7867777800 1
206.8679583300 55.0677777800 1
206.9859583300 41.7502777800 1
207.1130000000 36.7380833300 1
207.1380000000 61.6212777800 4
207.1769583300 25.2289722200 1
207.2299583300 -3.3614722200 0
207.3420000000 -0.1160000000 0
207.3989583300 42.4010833300 1
207.4699583300 52.3588888900 1
207.5099583300 58.3127777800 1
207.5620000000 5.2103055600 0
207.5960000000 4.6747500000 0
207.6539583300 37.3845833300 1
207.7089583300 59.2192777800 4
207.7139583300 25.0817777800 1
207.8480000000 48.2660833300 1
207.8860000000 40.8350000000 1
208.0219583300 -0.3775833300 0
208.0670000000 25.5405000000 1
208.0670000000 25.5405000000 1
208.1459583300 -3.2110833300 0
208.1659583300 59.8172777800 4
208.4590000000 50.9831944400 1
208.4859583300 2.3745555600 0
208.5749583300 63.9512777800 4
208.5890000000 -0.8073888900 0
208.6899583300 0.3473055600 0
208.8889583300 45.2721944400 1
209.0149583300 61.3303888900 4
209.0329583300 34.6632777800 1
209.2390000000 35.6304722200 1
209.3950000000 -0.7801944400 0
209.5209583300 39.5883888900 1
209.5389583300 11.7660000000 0
209.7409583300 -2.6296944400 0
209.7490000000 4.1815833300 0
209.7779583300 40.0535833300 1
209.9129583300 57.3984722200 1
209.9209583300 -0.3375000000 0
209.9649583300 60.4770833300 4
210.0959583300 43.6476944400 1
210.1069583300 35.3400833300 1
210.1289583300 53.0459722200 1
210.2150000000 46.5915833300 1
210.3350000000 10.9357777800 0
210.3379583300 40.3105833300 1
210.3399583300 40.1844722200 1
210.4980000000 41.6988888900 1
210.5229583300 6.7836388900 0
210.5569583300 7.1631944400 0
210.5649583300 34.2591944400 1
210.6109583300 5.0649166700 0
210.6689583300 13.4265833300 0
210.9340000000 42.9562777800 1
211.1059583300 12.4851944400 0
211.1059583300 62.5670000000 4
211.1919583300 6.3945000000 0
211.3689583300 63.0570833300 4
211.5090000000 59.0785833300 4
211.6090000000 33.5930000000 1
211.7520000000 38.9023888900 1
211.8609583300 50.7282777800 1
212.0029583300 36.7590000000 1
212.0190000000 44.6108888900 1
212.0289583300 37.7491944400 1
212.0600000000 14.5434722200 0
212.0899583300 2.9591944400 0
212.1820000000 0.7917222200 0
212.1860000000 7.7597500000 0
212.3159583300 50.3191944400 1
212.4430000000 -0.9840833300 0
212.4590000000 33.5185833300 1
212.5177500000 6.7277777800 0
212.6290000000 61.6935833300 4
212.7200000000 55.2073888900 1
212.7849583300 38.3207777800 1
212.8770000000 62.3800833300 4
212.8779583300 4.7897500000 0
212.9610000000 65.6850833300 4
212.9940000000 -0.6537777800 0
213.1280000000 41.4923888900 1
213.1509583300 37.2535000000 1
213.4210000000 52.2055000000 1
213.4590000000 -2.6404722200 0
213.4700000000 13.3518888900 0
213.5320000000 13.3435000000 0
213.6350000000 52.5317777800 1
213.7920000000 36.8873888900 1
213.8139583300 1.2147777800 0
213.8880000000 65.7312777800 4
214.1490000000 52.9470000000 1
214.1759583300 51.6518888900 1
214.2009583300 62.7566944400 4
214.2849583300 53.5481944400 1
214.3630000000 60.6592777800 4
214.4660000000 1.2656111100 0
214.8909583300 3.1765555600 0
214.8950000000 42.5161944400 1
214.9519583300 32.4547777800 1
215.0380000000 39.4606944400 1
215.0690000000 2.8740277800 0
215.1279583300 33.0226944400 1
215.1759583300 46.3018888900 1
215.1820000000 53.3683888900 1
215.1820000000 53.3683888900 1
215.2489583300 42.3131944400 1
215.2769583300 39.3092777800 1
215.3029583300 43.7271944400 1
215.3269583300 13.4034722200 0
215.3269583300 13.4034722200 0
215.4459583300 53.4015833300 1
215.4910000000 49.3161944400 1
215.4910000000 49.3161944400 1
215.6080000000 32.3725000000 1
215.6220000000 37.5075000000 1
215.6480000000 47.7290833300 1
215.7030000000 6.7732777800 0
215.7160000000 7.0071944400 0
215.8420000000 4.7653888900 0
215.8720000000 2.0785833300 0
215.9180000000 2.5744166700 0
216.0279583300 3.0683333300 0
216.0279583300 38.6205833300 1
216.0549583300 48.6228888900 1
216.1340000000 -1.7696944400 0
216.1759583300 7.5609444400 0
216.1849583300 53.8578888900 1
216.1889583300 64.4062777800 4
216.2509583300 49.7913888900 1
216.3029583300 34.0084722200 1
216.3490000000 7.0407222200 0
216.4079583300 12.1552777800 0
216.4079583300 12.1552777800 0
216.4240000000 3.9598888900 0
216.5080000000 -2.2174722200 0
216.5179583300 45.1891944400 1
216.6300000000 6.5746666700 0
216.7119583300 0.8640833300 0
216.9550000000 53.4190833300 1
217.0069583300 59.6315833300 4
217.2210000000 47.1243888900 1
217.4310000000 38.9921944400 1
217.4709583300 4.2643055600 0
217.5650000000 47.5377777800 1
217.5800000000 52.9123888900 1
217.5950000000 6.5455833300 0
217.7910000000 38.7418888900 1
217.8350000000 39.8781944400 1
217.9319583300 -0.8364722200 0
217.9699583300 10.2867777800 0
217.9970000000 2.1840000000 0
218.1589583300 12.2665000000 0
218.1620000000 51.0753888900 1
218.1800000000 41.0576944400 1
218.1849583300 41.7250000000 1
218.2009583300 61.6380833300 4
218.2340000000 53.6689722200 1
218.6430000000 54.6536944400 4
218.6909583300 42.4212777800 1
218.7410000000 50.6883888900 1
218.7480000000 46.7983888900 1
218.7480000000 46.7983888900 1
218.8260000000 47.7595000000 1
218.8839583300 12.8034722200 0
218.8920000000 42.5690000000 1
218.9909583300 39.2832777800 1
219.0059583300 0.3449722200 0
219.0530000000 38.8838888900 1
219.0580000000 10.9848888900 0
219.0980000000 -0.4164722200 0
219.1869583300 -0.8639722200 0
219.3020000000 61.5885833300 4
219.3290000000 38.0770833300 1
219.4439583300 44.5495833300 1
219.4619583300 47.2674722200 1
219.4689583300 4.4818055600 0
219.5920000000 64.3335000000 4
219.6110000000 64.4831944400 4
219.7780000000 10.3243888900 0
220.0060000000 61.0260000000 4
220.0209583300 10.0580833300 0
220.1629583300 13.1141944400 0
220.1919583300 42.3530833300 1
220.2159583300 32.9655833300 1
220.2750000000 2.6032500000 0
220.2820000000 39.3915833300 1
220.3979583300 51.1730000000 1
220.4370000000 2.6286666700 0
220.4950000000 34.0701944400 1
220.6049583300 11.9647777800 0
220.6299583300 60.1650833300 4
220.6359583300 37.7321944400 1
220.9159583300 12.4905833300 0
220.9329583300 -1.4408888900 0
220.9669583300 31.0960000000 1
220.9790000000 33.9480833300 1
221.1359583300 55.5810000000 4
221.2109583300 11.5322777800 0
221.2109583300 11.5322777800 0
221.2460000000 38.8617777800 1
221.3939583300 6.2961388900 0
221.4349583300 -0.2875000000 0
221.5620000000 12.3840833300 0
221.6139583300 35.5814722200 1
221.6779583300 1.4312222200 0
221.7280000000 61.0467777800 4
221.7489583300 36.8192777800 1
221.7760000000 35.1655833300 1
221.8149583300 43.7382777800 1
221.8739583300 3.0898055600 0
221.8999583300 -2.7593888900 0
221.8999583300 48.8163888900 1
222.0106250000 40.7198888900 1
222.0749583300 45.9877777800 1
222.2350000000 36.0521944400 1
222.3820000000 4.6429444400 0
222.3999583300 57.0600000000 4
222.4840000000 42.1002777800 1
222.5850000000 39.7097777800 1
222.6179583300 42.9898888900 1
222.6189583300 56.3170833300 4
222.6769583300 61.7130000000 4
222.7080000000 41.5552777800 1
222.7119583300 44.5424722200 1
222.8129583300 33.4411944400 1
222.9090000000 41.9001944400 1
223.2789583300 33.3306944400 1
223.4360000000 48.9755833300 1
223.5560000000 52.4860833300 4
223.6090000000 61.1672777800 4
223.6159583300 41.1417777800 1
223.7370000000 58.9676944400 4
223.7630000000 42.0231944400 1
223.7859583300 51.6888888900 4
224.0189583300 33.2298888900 1
224.2659583300 61.8055000000 4
224.2700000000 36.7405833300 1
224.3029583300 43.3137777800 1
224.3239583300 2.7964722200 0
224.3470000000 39.9315833300 1
224.3509583300 37.8370000000 1
224.3509583300 37.8370000000 1
224.3749583300 33.7944722200 1
224.5730000000 31.7443888900 1
224.5730000000 31.7443888900 1
224.6569583300 2.4232500000 0
224.7020000000 52.9140000000 4
224.7419583300 0.4963888900 0
224.8069583300 0.0377222200 0
224.8149583300 2.6650555600 0
224.8629583300 50.1345000000 4
225.1420000000 62.5339722200 4
225.2340000000 4.0696388900 0
225.3019583300 58.3744722200 4
225.3340000000 44.5270833300 1
225.4660000000 58.5891944400 4
225.5029583300 58.0916944400 4
225.6159583300 3.3803055600 0
225.6250000000 2.9790000000 0
225.7230000000 60.4416944400 4
225.8519583300 4.6423888900 0
225.8820000000 47.3155000000 1
225.8870000000 44.0223888900 1
225.9130000000 33.2425833300 1
226.1870000000 3.1393888900 0
226.2640000000 -2.3900833300 0
226.2779583300 33.3391944400 1
226.3719583300 56.9616944400 4
226.4559583300 -1.5780833300 0
226.4799583300 35.3048888900 1
226.5859583300 59.3641944400 4
226.6740000000 53.2453888900 4
226.8409583300 0.0049166700 0
226.9110000000 58.0702777800 4
226.9570000000 -1.5535000000 0
226.9749583300 36.8431944400 1
226.9790000000 2.8677777800 0
227.0149583300 61.2378888900 4
227.0570000000 61.2100833300 4
227.1349583300 2.9495555600 0
227.6440000000 59.4284722200 4
227.9180000000 2.7551666700 0
227.9229583300 34.8538888900 1
227.9319583300 34.3924722200 1
227.9359583300 31.8075833300 1
228.0029583300 47.1568888900 4
228.1669583300 43.7577777800 1
228.2809583300 3.0227500000 0
228.3010000000 45.1760000000 1
228.3869583300 43.7394722200 1
228.4310000000 56.8886944400 4
228.4959583300 47.0786944400 4
228.5479583300 0.4421666700 0
228.5950000000 31.6096944400 1
228.6030000000 37.0703888900 1
228.7029583300 35.6983888900 1
228.7150000000 31.2815833300 1
228.7630000000 61.5888888900 4
228.7819583300 61.4032777800 4
229.0940000000 41.0331944400 1
229.2309583300 57.0105833300 4
229.2350000000 -0.2440833300 0
229.2449583300 40.9407777800 1
229.2720000000 57.8110833300 4
229.3220000000 31.0981944400 1
229.4180000000 36.2040000000 1
229.4399583300 43.8512777800 1
229.5329583300 61.0177777800 4
229.5490000000 48.3815000000 4
229.7410000000 58.2575833300 4
229.7489583300 35.7078888900 1
229.8240000000 57.3317777800 4
229.8240000000 57.3317777800 4
230.1010000000 60.7500000000 4
230.1680000000 34.1169722200 1
230.2699583300 41.5831944400 1
230.2870000000 38.8640833300 1
230.3149583300 29.7876944400 1
230.3149583300 29.7876944400 1
230.6170000000 30.8237777800 1
230.6829583300 3.4555000000 0
230.7600000000 38.3387777800 1
230.7800000000 53.8995000000 4
230.7800000000 53.8995000000 4
231.1819583300 34.6050833300 1
231.3480000000 42.0212777800 1
231.4639583300 42.9437777800 4
231.4810000000 47.9984722200 4
231.6100000000 41.5264722200 1
231.8669583300 44.1394722200 4
232.1819583300 52.0881944400 4
232.2870000000 46.3303888900 4
232.3220000000 59.5678888900 4
232.4250000000 37.1255000000 1
232.4339583300 30.4532777800 1
232.5080000000 41.0931944400 4
232.7800000000 58.7359722200 4
233.0200000000 40.1718888900 4
233.0240000000 47.4516944400 4
233.1489583300 51.0177777800 4
233.2980000000 44.5207777800 4
233.3050000000 41.8947777800 4
233.5039583300 55.9308888900 4
233.5289583300 32.4323888900 1
233.5680000000 30.7183888900 1
233.7380000000 58.6565000000 4
233.8139583300 58.1512777800 4
233.9650000000 36.6571944400 1
234.1890000000 39.3303888900 4
234.3789583300 33.9767777800 1
234.5219583300 47.2678888900 4
234.5979583300 30.4183888900 1
234.6299583300 33.3205833300 1
234.6540000000 52.4318888900 4
234.9069583300 30.3398888900 1
235.1680000000 29.1821944400 1
235.2070000000 34.9951944400 1
235.4270000000 54.3183888900 4
235.4350000000 40.7186944400 4
235.4850000000 6.7502777800 0
235.5029583300 51.5713888900 4
235.5639583300 36.8416944400 4
235.6670000000 46.3598888900 4
235.6710000000 29.5746944400 1
235.7140000000 32.8067777800 1
235.7589583300 44.7167777800 4
235.8720000000 33.9856944400 1
236.3000000000 28.5842777800 1
236.3000000000 28.5842777800 1
236.3730000000 36.8845000000 4
236.4279583300 50.9663888900 4
236.4590000000 55.7295000000 4
236.7150000000 52.8868888900 4
236.8560000000 44.9253888900 4
237.0810000000 48.7050833300 4
237.1240000000 10.0690000000 0
237.1690000000 43.2897777800 4
237.2700000000 44.4567777800 4
237.3620000000 27.7704722200 1
237.3709583300 26.3287777800 1
237.4629583300 7.8145833300 0
237.7609583300 39.6537777800 4
237.9749583300 36.7659722200 4
238.1500000000 25.8554722200 1
238.2070000000 30.0644722200 4
238.2760000000 41.6781944400 4
238.3149583300 28.0417777800 1
238.4079583300 36.5345833300 4
238.5189583300 54.5096944400 4
238.5849583300 32.5593888900 4
238.7369583300 29.9593888900 4
238.7369583300 29.9593888900 4
238.8450000000 29.9726944400 4
238.8630000000 24.1790833300 1
238.9499583300 7.8220833300 0
239.1879583300 38.1312777800 4
239.1889583300 28.3393888900 4
239.2400000000 29.7693888900 4
239.2999583300 38.9225833300 4
239.4370000000 32.5221944400 4
239.5880000000 26.6400833300 4
239.6999583300 38.9020000000 4
239.8820000000 32.9810000000 4
240.0079583300 50.6221944400 4
240.0749583300 49.6223888900 4
240.1350000000 52.8413888900 4
240.1350000000 52.8413888900 4
240.2499583300 55.1845833300 4
240.2780000000 42.7424722200 4
240.7559583300 9.2544166700 0
241.1229583300 34.3461944400 4
241.1400000000 39.2252777800 4
241.5710000000 25.5246944400 4
241.6280000000 43.0951944400 4
241.6930000000 40.3915833300 4
241.7769583300 49.3657777800 4
241.8350000000 7.9227500000 0
241.8459583300 32.9763888900 4
241.8609583300 47.2141944400 4
242.0929583300 41.9812777800 4
242.1619583300 35.7072777800 4
242.1649583300 28.3769722200 4
242.2300000000 43.8830833300 4
242.4310000000 53.5112777800 4
242.4799583300 6.9005000000 4
242.6210000000 32.7648888900 4
242.7855000000 33.5941944400 4
243.2089583300 28.3348888900 4
243.2199583300 33.0159722200 4
243.2720000000 25.0127777800 4
243.3750000000 51.5204722200 4
243.4209583300 34.2131944400 4
243.6399583300 44.6451944400 4
243.7739583300 47.3856944400 4
243.9110000000 38.9298888900 4
244.1150000000 7.6831111100 4
244.1379583300 42.7638888900 4
244.1550000000 34.7647777800 4
244.4420000000 35.4653888900 4
244.4700000000 38.4602777800 4
244.4799583300 37.3936944400 4
244.5279583300 51.8298888900 4
244.5699583300 24.6952777800 4
244.5960000000 48.6668888900 4
244.8559583300 51.5081944400 4
244.8559583300 51.5081944400 4
244.8789583300 44.7736944400 4
244.9560000000 47.2153888900 4
244.9600000000 37.4208888900 4
245.0209583300 38.0808888900 4
245.0269583300 24.3022777800 4
245.1199583300 25.4946944400 4
245.1199583300 25.4946944400 4
245.1429583300 26.4110833300 4
245.2419583300 42.0733888900 4
245.2660000000 42.0797777800 4
245.3490000000 42.8747777800 4
245.4650000000 34.0996944400 4
245.5070000000 44.1692777800 4
245.5070000000 44.1692777800 4
245.5649583300 26.1181944400 4
245.5729583300 30.5035833300 4
245.6160000000 42.4572777800 4
245.7209583300 32.9365833300 4
245.7310000000 43.1447777800 4
245.7860000000 26.8290000000 4
245.7860000000 44.3975833300 4
245.9220000000 22.2276944400 4
246.0110000000 24.4837777800 4
246.1289583300 34.3148888900 4
246.1600000000 22.5061944400 4
246.1619583300 23.7532777800 4
246.3929583300 7.7037500000 4
246.4780000000 25.5955000000 4
246.6359583300 28.5395000000 4
246.8580000000 35.1342777800 4
247.0269583300 43.6748888900 4
247.2429583300 35.4958888900 4
247.3409583300 30.1234722200 4
247.3899583300 24.7678888900 4
247.3899583300 25.5335000000 4
247.4579583300 42.4370833300 4
247.4739583300 33.8366944400 4
247.5079583300 47.1026944400 4
247.5740000000 21.8242777800 4
247.7200000000 37.6143888900 4
247.7789583300 34.2424722200 4
247.8689583300 37.3767777800 4
248.1419583300 30.9028888900 4
248.1930000000 34.0905833300 4
248.2450000000 45.2613888900 4
248.3830000000 25.5588888900 4
248.4540000000 31.5698888900 4
248.4659583300 22.3733888900 4
248.6019583300 21.5142777800 4
248.8849583300 24.5755833300 4
249.0010000000 43.4673888900 4
249.0480000000 47.0422777800 4
249.1589583300 21.2153888900 4
249.1999583300 47.3832777800 4
249.3089583300 33.1890000000 4
249.4629583300 22.7072777800 4
249.4890000000 32.6421944400 4
249.6610000000 21.4970833300 4
249.6779583300 20.8113888900 4
249.7309583300 22.2210833300 4
249.9000000000 34.2479722200 4
249.9829583300 47.0897777800 4
250.1919583300 28.5280833300 4
250.3540000000 35.8388888900 4
250.3540000000 35.8388888900 4
250.5879583300 39.0592777800 4
250.6200000000 45.3561944400 4
250.7030000000 38.1652777800 4
250.7579583300 44.2394722200 4
250.7719583300 24.7620833300 4
250.9450000000 43.7790833300 4
251.1730000000 19.8920833300 4
251.2189583300 43.1310833300 4
251.4639583300 30.2070000000 4
251.4960000000 24.0438888900 4
251.4999583300 38.3091944400 4
251.8369583300 41.1163888900 4
251.8480000000 20.5539722200 4
251.8860000000 34.3307777800 4
252.1090000000 31.4395833300 4
252.1750000000 41.3167777800 4
252.1800000000 34.1189722200 4
252.1800000000 34.1189722200 4
252.1999583300 43.6178888900 4
252.2159583300 22.7506944400 4
252.3810000000 40.9682777800 4
252.6810000000 42.8636944400 4
252.8549583300 33.9566944400 4
253.0660000000 38.8516944400 4
253.2589583300 37.2092777800 4
254.0519583300 34.5303888900 4
254.0900000000 19.6830833300 4
254.1329583300 41.7713888900 4
254.2570000000 25.9577777800 4
254.2570000000 25.9577777800 4
254.3529583300 20.7665000000 4
254.4510000000 37.7313888900 4
254.4560000000 34.8635833300 4
254.4560000000 34.8635833300 4
254.5120000000 19.3637777800 4
254.5809583300 31.5584722200 4
254.6550000000 35.7032777800 4
254.6669583300 39.3217777800 4
254.7930000000 22.3857777800 4
255.1450000000 35.2476944400 4
255.5190000000 23.8662777800 4
255.8199583300 31.6388888900 4
255.9140000000 32.9991944400 4
255.9159583300 39.6490000000 4
256.2410000000 21.1620833300 4
256.2460000000 35.7700000000 4
256.6299583300 31.4415833300 4
256.6999583300 32.2395833300 4
256.7020000000 21.4882777800 4
256.8849583300 31.1715833300 4
257.1149583300 31.0150833300 4
257.8469583300 33.4280833300 4
258.6999583300 27.9885833300 4
258.7209583300 31.3160833300 4
258.8129583300 31.6763888900 4
258.9739583300 29.7351944400 4
259.2539583300 30.7325833300 4
259.3029583300 30.7711944400 4
259.3730000000 27.7977777800 4
259.8539583300 27.2270833300 4
260.2259583300 27.7018888900 4
261.2099583300 28.0280833300 4
310.1639583300 -6.1442777800 7
310.5150000000 -0.3590833300 7
315.4549583300 -6.4275833300 7
319.8399583300 0.1519722200 7
321.8050000000 -0.1492777800 7
322.3720000000 -0.4120833300 7
322.6750000000 0.6082777800 7
323.1509583300 11.0133888900 7
323.9450000000 -7.3216944400 7
323.9450000000 -7.3216944400 7
323.9660000000 -8.0528888900 7
324.0269583300 -0.3280833300 7
324.1600000000 0.6983611100 7
325.3679583300 0.8827500000 7
328.5880000000 -7.7415833300 7
329.0910000000 -8.9843888900 7
329.6559583300 0.2814166700 7
329.8540000000 0.3840277800 7
330.2239583300 -0.2701944400 7
330.5590000000 -8.2025000000 7
330.8969583300 -0.4458888900 7
331.7600000000 -9.0242777800 7
332.6609583300 0.3190555600 7
332.9419583300 -0.5869722200 7
333.3039583300 -8.3988888900 7
333.4079583300 -0.7182777800 7
333.5629583300 12.3708888900 7
334.2859583300 0.4547500000 7
336.2529583300 -9.4236944400 7
336.9190000000 -8.0868888900 7
337.5749583300 -0.9272777800 7
338.3119583300 -8.5178888900 7
338.3439583300 0.5393888900 7
339.3870000000 14.2332777800 7
339.4979583300 0.0931666700 7
339.5520000000 0.1545277800 7
340.2740000000 -9.2996944400 7
340.4969583300 14.3485833300 7
340.7669583300 13.7275833300 7
341.0009583300 -8.3384722200 7
341.3519583300 -9.0982777800 7
341.4929583300 -0.4625833300 7
341.4929583300 -0.4625833300 7
342.5919583300 13.2418888900 7
342.6829583300 12.8855000000 7
343.0650000000 13.3613888900 7
343.5940000000 14.4019722200 7
344.0349583300 1.0993888900 7
344.2850000000 -9.9834722200 7
344.3420000000 0.8425277800 7
344.5284166700 -8.6953888900 7
344.8070000000 -8.7387777800 7
344.9460000000 13.5292777800 7
345.6799583300 -0.8186944400 7
346.0040000000 -0.6782777800 7
346.3279583300 -9.6531944400 7
346.3509583300 0.5094444400 7
346.3840000000 -0.5276944400 7
346.7050000000 1.0669166700 7
346.7280000000 0.7293055600 7
347.1349583300 -10.5660000000 7
347.4630000000 -9.6711944400 7
347.9689583300 -10.1639722200 7
347.9689583300 -10.1639722200 7
348.0439583300 -1.0167777800 7
348.2210000000 14.7480833300 7
348.2769583300 -9.3849722200 7
349.8759583300 0.7252500000 7
350.4870000000 1.1472500000 7
350.5030000000 -9.0810833300 7
350.6030000000 -0.1220833300 7
351.1859583300 -9.7666944400 7
351.7209583300 0.3619166700 7
352.0840000000 0.3772500000 7
352.5330000000 -9.4397777800 7
352.8749583300 0.2754444400 7
353.1170000000 0.0091111100 7
353.3089583300 14.7677777800 7
353.6660000000 0.8671666700 7
353.9559583300 -11.0229722200 7
354.0830000000 -0.2963888900 7
354.5760000000 -0.9361944400 7
355.6320000000 0.4525555600 7
355.6519583300 0.5811111100 7
355.7389583300 1.0225555600 7
356.2529583300 0.6989166700 7
356.9539583300 -8.9952777800 7
357.2409583300 15.7337777800 7
357.8670000000 -1.1881944400 7
358.0710000000 0.6510555600 7
