0.585128 0.751244 0.905217
0.317613 0.460039 0.447086
0.948875 0.551224 0.355734
0.731202 0.489375 0.078274
0.845230 0.580583 0.899994
0.616117 0.099610 0.229456
0.625946 0.488021 0.198717
0.350407 0.484294 0.589002
0.588554 0.253432 0.410784
0.063900 0.741596 0.542430
0.690629 0.597424 0.849083
0.920590 0.312206 0.967155
0.859477 0.676154 0.988086
0.592620 0.948829 0.596669
0.072779 0.496529 0.609826
0.767509 0.387708 0.439186
0.338987 0.374446 0.415089
0.394878 0.257704 0.632233
0.947942 0.699875 0.345156
0.066170 0.154608 0.398123
0.071211 0.763759 0.750896
0.831792 0.384221 0.453004
0.271972 0.133343 0.737045
0.808036 0.257539 0.967325
0.563768 0.235958 0.225334
0.923038 0.230184 0.117333
0.989435 0.906400 0.726780
0.177615 0.205401 0.895673
0.782535 0.248940 0.322006
0.228134 0.882330 0.377228
0.526435 0.394747 0.339659
0.905994 0.378291 0.944752
0.569173 0.735174 0.565161
0.097708 0.676268 0.522718
0.185572 0.458260 0.837445
0.832363 0.822189 0.298230
0.687929 0.380420 0.760781
0.080744 0.325890 0.017037
0.769125 0.833867 0.813204
0.622975 0.494257 0.254746
0.422940 0.206497 0.109985
0.700018 0.884305 0.242403
0.741727 0.879555 0.505611
0.371968 0.044227 0.529798
0.193496 0.716191 0.542209
0.254174 0.322054 0.784768
0.415996 0.665992 0.601025
0.984111 0.053005 0.424226
0.335793 0.235033 0.538387
0.007500 0.013994 0.507286
0.508428 0.264797 0.877492
0.824002 0.957675 0.116725
0.023640 0.393290 0.414068
0.030563 0.915503 0.626068
0.914659 0.658668 0.081086
0.997286 0.929120 0.839460
0.046088 0.159418 0.499838
0.565239 0.965890 0.732376
0.441443 0.468567 0.840388
0.094741 0.796884 0.969690
0.992816 0.984533 0.749979
0.408258 0.678906 0.297710
0.530225 0.745423 0.102394
0.762365 0.611926 0.661988
0.186821 0.344557 0.986318
0.639215 0.119267 0.184339
0.171909 0.309584 0.474721
0.101059 0.740670 0.751137
0.025115 0.155196 0.461065
0.845696 0.944924 0.079473
0.458657 0.446477 0.977496
0.258411 0.292099 0.183361
0.630412 0.567328 0.708507
0.001557 0.094726 0.447153
0.270386 0.175168 0.225681
0.442558 0.554262 0.541755
0.525419 0.314759 0.544427
0.595647 0.012972 0.296027
0.567587 0.554857 0.166950
0.044683 0.893136 0.240320
0.882325 0.104835 0.125175
0.023912 0.771726 0.103587
0.876268 0.731976 0.694900
0.372157 0.077183 0.002868
0.717396 0.872504 0.946995
0.799880 0.034798 0.165207
0.887938 0.936097 0.984540
0.125468 0.586929 0.522970
0.106258 0.556185 0.687431
0.282244 0.443407 0.501734
0.556441 0.164979 0.497854
0.492906 0.713515 0.168430
0.039464 0.374667 0.804378
0.461008 0.895957 0.073679
0.794764 0.647111 0.858990
0.724825 0.890880 0.499981
0.022121 0.744795 0.635842
0.828951 0.863426 0.963397
0.162389 0.039101 0.011241
0.016777 0.050308 0.471286
0.694497 0.747496 0.094498
0.939466 0.034764 0.789953
0.169872 0.960592 0.205638
0.666032 0.396124 0.892724
0.657393 0.401499 0.925693
0.862171 0.466055 0.973403
0.401440 0.392918 0.165641
0.041765 0.287380 0.836523
0.746729 0.469276 0.865591
0.741360 0.547534 0.077009
0.803358 0.315149 0.694874
0.788728 0.537856 0.709979
0.746438 0.849403 0.713982
0.966931 0.600511 0.992458
0.460757 0.230268 0.644908
0.188086 0.521369 0.195693
0.837281 0.669181 0.566415
0.012375 0.511673 0.631674
0.178371 0.240980 0.257044
0.571327 0.856951 0.929302
0.720467 0.350168 0.891644
0.942372 0.704587 0.571029
0.117451 0.040915 0.413798
0.932743 0.082026 0.447609
0.355157 0.245212 0.338290
0.098614 0.091473 0.367897
0.618030 0.359205 0.872099
0.585862 0.496307 0.890387
0.501328 0.629038 0.670037
0.950762 0.603742 0.062880
0.493027 0.996611 0.883964
0.748661 0.854784 0.421689
0.712125 0.880603 0.814363
0.295507 0.963547 0.627941
0.182782 0.751084 0.560952
0.047091 0.878043 0.459985
0.686645 0.170018 0.847871
0.854062 0.061793 0.873937
0.718771 0.040543 0.151810
0.313295 0.584375 0.572429
0.900213 0.408243 0.778048
0.591094 0.559105 0.407692
0.185818 0.922573 0.436742
0.448537 0.602184 0.040028
0.600623 0.382361 0.795573
0.081129 0.024480 0.828673
0.840857 0.743686 0.622953
0.987182 0.686691 0.813692
0.002382 0.033992 0.672914
0.576281 0.465415 0.370723
0.766194 0.294733 0.128618
0.021690 0.428786 0.850941
0.701925 0.107943 0.198716
0.834271 0.125390 0.921235
0.273492 0.672663 0.339831
0.303762 0.854249 0.838511
0.831764 0.565954 0.298049
0.952035 0.314010 0.282887
0.679449 0.704422 0.413991
0.091230 0.988629 0.625003
0.578176 0.757555 0.039717
0.514699 0.944682 0.977360
0.331037 0.071002 0.686823
0.070898 0.136838 0.184743
0.573656 0.286353 0.239796
0.830561 0.715592 0.742551
0.076509 0.820037 0.451784
0.915672 0.712927 0.205169
0.024335 0.212791 0.393099
0.978314 0.342781 0.707680
0.280267 0.345163 0.180880
0.055616 0.074546 0.570989
0.391280 0.498224 0.919147
0.426828 0.618940 0.010491
0.644084 0.693184 0.884939
0.117061 0.154177 0.197570
0.584179 0.219279 0.544952
0.109658 0.937232 0.508463
0.759030 0.579902 0.275682
0.730622 0.209961 0.215115
0.264867 0.319052 0.009283
0.997940 0.761058 0.964462
0.967036 0.985136 0.809134
0.546404 0.942656 0.641164
0.155033 0.404397 0.303150
0.779335 0.568658 0.016840
0.960182 0.489729 0.862322
0.906434 0.964071 0.505406
0.432691 0.905724 0.623928
0.894312 0.736513 0.253656
0.937782 0.507707 0.408844
0.046441 0.894022 0.999965
0.966721 0.677045 0.975532
0.555079 0.405202 0.496383
0.800481 0.747789 0.735286
0.850345 0.738554 0.842021
0.716304 0.859671 0.352657
0.508661 0.947811 0.469657
0.458880 0.129764 0.044362
0.805575 0.722179 0.975732
0.868825 0.738796 0.464041
0.751909 0.424565 0.126913
0.404103 0.011902 0.200584
0.912976 0.648570 0.034742
0.090666 0.836887 0.996016
0.418231 0.261392 0.697847
0.220677 0.576984 0.630437
0.333097 0.754380 0.860324
0.684080 0.428630 0.816700
0.927918 0.839691 0.678523
0.861683 0.625223 0.472079
0.020339 0.807427 0.987313
0.093076 0.613141 0.107590
0.187377 0.422528 0.914844
0.078247 0.148167 0.676498
0.185492 0.010008 0.280056
0.284217 0.178864 0.085783
0.256526 0.952677 0.971254
0.342718 0.575653 0.810895
0.605496 0.853252 0.602200
0.357635 0.712436 0.319366
0.590159 0.385919 0.599044
0.814103 0.982279 0.193562
0.140628 0.947185 0.997575
0.790035 0.364155 0.079455
0.248371 0.045214 0.898798
0.760175 0.340971 0.238118
0.049563 0.094919 0.273401
0.414116 0.267524 0.455329
0.711966 0.907235 0.367533
0.592078 0.330761 0.914619
0.953767 0.031885 0.025598
0.587333 0.195036 0.867056
0.857929 0.674351 0.482637
0.211159 0.133299 0.677596
0.802938 0.854994 0.508886
0.959720 0.900209 0.863430
0.456651 0.450176 0.235982
0.422447 0.512696 0.789258
0.387485 0.672294 0.265596
0.143760 0.857536 0.987869
0.286966 0.310368 0.712060
0.266440 0.684053 0.814261
0.070857 0.182103 0.993922
0.585026 0.822474 0.109201
0.633947 0.665336 0.895434
0.740500 0.990864 0.117085
0.082112 0.943402 0.292089
0.850525 0.194148 0.253110
0.435133 0.404698 0.184234
0.990528 0.902554 0.387787
0.799005 0.264993 0.880676
0.726013 0.202086 0.072391
0.075185 0.703623 0.193197
0.440491 0.721330 0.779467
0.688096 0.667407 0.366035
0.043613 0.110706 0.856812
0.344865 0.310317 0.557612
0.988664 0.694449 0.263964
0.659007 0.946341 0.236952
0.573673 0.718749 0.876052
0.996923 0.539257 0.825956
0.776631 0.915176 0.675198
0.240411 0.283582 0.256203
0.309845 0.280064 0.935253
0.382389 0.199955 0.885981
0.037579 0.372725 0.300487
0.247566 0.146971 0.723462
0.097762 0.056877 0.464153
0.175097 0.075323 0.879375
0.759283 0.592783 0.965492
0.068867 0.624675 0.697475
0.760324 0.237678 0.136803
0.177098 0.232653 0.057032
0.753352 0.408268 0.031998
0.576835 0.855667 0.554274
0.812619 0.840146 0.481595
0.379207 0.486348 0.283523
0.997258 0.365679 0.974110
0.064001 0.491527 0.376179
0.488428 0.756334 0.760392
0.995046 0.186743 0.519753
0.786546 0.759119 0.047959
0.233528 0.868163 0.205583
0.144718 0.223834 0.035311
0.757221 0.709518 0.138907
0.466495 0.949997 0.380187
0.734992 0.708704 0.139386
0.805108 0.616084 0.409559
0.737862 0.898171 0.237895
0.779123 0.567396 0.165971
0.908190 0.451462 0.609730
0.530688 0.898507 0.236695
0.560816 0.319845 0.785570
0.183977 0.261564 0.983264
0.731504 0.899190 0.753803
0.655017 0.037652 0.303430
0.222841 0.132529 0.028348
0.257585 0.854144 0.959909
0.312376 0.053584 0.690502
0.910996 0.222336 0.641506
0.795123 0.057206 0.052940
0.205864 0.216956 0.015445
0.053160 0.161116 0.781976
0.616510 0.897673 0.891608
0.921570 0.203590 0.816019
0.493129 0.925840 0.823966
0.538173 0.709270 0.508905
0.776246 0.003022 0.341459
0.870328 0.773718 0.393525
0.523185 0.654160 0.300682
0.599423 0.679393 0.143725
0.727336 0.158615 0.797698
0.373846 0.828343 0.314100
0.016521 0.891201 0.035334
0.555058 0.459739 0.480038
0.692591 0.774330 0.209753
0.839385 0.718383 0.045118
0.467485 0.114744 0.026907
0.348967 0.843222 0.394360
0.174756 0.281412 0.871141
0.332730 0.359759 0.656436
0.943900 0.525777 0.244165
0.681436 0.662916 0.437516
0.883306 0.382847 0.491394
0.695155 0.600556 0.639143
0.166615 0.856830 0.780036
0.498567 0.158633 0.392502
0.406041 0.912836 0.619464
0.989496 0.673478 0.682590
0.731526 0.706960 0.452999
0.381423 0.967565 0.948008
0.953004 0.161081 0.242214
0.009465 0.221034 0.778855
0.309821 0.102599 0.626040
0.491848 0.970540 0.890119
0.120036 0.354637 0.169009
0.625930 0.482118 0.411467
0.747541 0.598180 0.824301
0.123510 0.413527 0.480596
0.643120 0.505320 0.929567
0.517274 0.878727 0.271964
0.779603 0.491720 0.713238
0.383472 0.871260 0.026096
0.375995 0.229056 0.257520
0.747013 0.512630 0.725773
0.869505 0.380135 0.899611
0.170504 0.602783 0.342566
0.921389 0.619443 0.653500
0.946557 0.093569 0.836503
0.836595 0.600779 0.853651
0.302841 0.714178 0.633965
0.989209 0.499079 0.677295
0.322023 0.297848 0.398841
0.837793 0.565516 0.376227
0.681175 0.001558 0.266450
0.701933 0.842140 0.721502
0.694937 0.412923 0.331653
0.531924 0.499429 0.906899
0.851266 0.451894 0.266529
0.376930 0.038992 0.063799
0.155054 0.834748 0.637778
0.380601 0.656808 0.581859
0.000656 0.244441 0.914315
0.364731 0.254604 0.266671
0.573845 0.708360 0.435416
0.168657 0.081299 0.955641
0.100517 0.703889 0.435754
0.921811 0.236194 0.841033
0.706909 0.086254 0.130881
0.645891 0.953400 0.802445
0.729956 0.126481 0.573931
0.950588 0.085481 0.990872
0.196097 0.934117 0.346681
0.732105 0.221056 0.828890
0.580067 0.592645 0.971541
0.262219 0.421290 0.009364
0.699037 0.386253 0.861441
0.799296 0.263209 0.652544
0.529333 0.439741 0.172385
0.337222 0.743236 0.078694
0.831863 0.662493 0.955482
0.258986 0.477723 0.516939
0.844539 0.108541 0.283924
0.293639 0.872967 0.024728
0.979418 0.001339 0.628622
0.980503 0.436968 0.978124
0.514213 0.334912 0.178098
0.211436 0.229390 0.168160
0.594188 0.814898 0.660136
0.458257 0.260578 0.657993
0.162511 0.479359 0.003232
0.381584 0.413734 0.717417
0.439635 0.925980 0.902272
0.567677 0.135895 0.018507
0.306631 0.881744 0.343725
0.083228 0.325613 0.435199
0.231020 0.934125 0.221216
0.683628 0.071495 0.069870
0.396371 0.331943 0.218882
0.231572 0.692444 0.991861
0.499195 0.753921 0.960845
0.374131 0.692402 0.419572
0.081926 0.289093 0.084643
0.853160 0.077197 0.681739
0.795843 0.154592 0.878553
0.366057 0.315387 0.306056
0.366109 0.865712 0.175524
0.440721 0.036484 0.805149
0.658430 0.619248 0.947163
0.044114 0.952448 0.255944
0.386606 0.417150 0.463570
0.169051 0.817565 0.794833
0.376876 0.655733 0.960709
0.834810 0.347887 0.042881
0.631577 0.212187 0.469294
0.982681 0.595496 0.946770
0.808310 0.510829 0.162639
0.973924 0.798763 0.667297
0.256338 0.686105 0.102024
0.919597 0.683097 0.901740
0.394663 0.914922 0.129460
0.975585 0.162745 0.328142
0.919349 0.537765 0.092728
0.886540 0.571303 0.257704
0.296323 0.351085 0.827847
0.080432 0.225741 0.927417
0.926835 0.990172 0.220677
0.431999 0.952008 0.494780
0.666718 0.939269 0.528108
0.623051 0.163016 0.648585
0.691823 0.899646 0.057625
0.293002 0.652033 0.191387
0.170304 0.863807 0.563845
0.516672 0.328242 0.549413
0.819391 0.320747 0.432001
0.066428 0.793729 0.704630
0.035038 0.552980 0.210039
0.536643 0.663054 0.230634
0.385765 0.011246 0.131368
0.887555 0.745941 0.694064
0.355910 0.046560 0.919921
0.148147 0.513079 0.299579
0.049375 0.254716 0.172874
0.887616 0.759483 0.688478
0.299778 0.701001 0.758331
0.147879 0.769951 0.307759
0.209438 0.754031 0.075769
0.558043 0.666471 0.999561
0.835748 0.988736 0.899355
0.948530 0.769507 0.972339
0.577870 0.158809 0.976442
0.410546 0.580600 0.645638
0.878353 0.758387 0.594383
0.132742 0.592524 0.641205
0.508498 0.814755 0.647414
0.314528 0.588068 0.679471
0.737035 0.935953 0.741299
0.444492 0.186819 0.058448
0.794545 0.619110 0.823404
0.401329 0.580055 0.542739
0.730907 0.732114 0.990690
0.205912 0.067802 0.531783
0.823454 0.921821 0.049567
0.643790 0.736995 0.522068
0.617344 0.360839 0.321783
0.872883 0.270065 0.484118
0.557738 0.172359 0.405870
0.208653 0.889525 0.006167
0.851798 0.545437 0.485034
0.929244 0.208516 0.686272
0.968671 0.894980 0.521102
0.671116 0.766117 0.621347
0.849946 0.851339 0.903166
0.602022 0.319518 0.427562
0.958149 0.432973 0.970392
0.122367 0.471108 0.002537
0.326684 0.415774 0.591559
0.732891 0.991118 0.838165
0.167222 0.859947 0.326576
0.311760 0.966057 0.269974
0.746832 0.099374 0.258989
0.313030 0.355933 0.400974
0.548793 0.577605 0.297542
0.504519 0.311220 0.736120
0.794881 0.053270 0.915346
0.323072 0.971800 0.724128
0.895631 0.827934 0.119507
0.701292 0.920390 0.747838
0.180477 0.256657 0.223200
0.039558 0.383380 0.623605
0.454505 0.277881 0.215134
0.528747 0.453125 0.599704
0.088866 0.948797 0.910812
0.376783 0.847894 0.992493
0.096928 0.781145 0.862843
0.184997 0.979878 0.222677
0.136144 0.371147 0.523484
0.305821 0.045588 0.720244
0.821318 0.066380 0.468574
0.933644 0.577782 0.240639
0.943134 0.089481 0.522481
0.850333 0.333139 0.885921
0.272336 0.293286 0.246806
0.186696 0.934730 0.355417
0.767759 0.294653 0.637578
0.427634 0.020869 0.825526
0.075285 0.438203 0.966466
0.248611 0.180981 0.490026
0.107514 0.985072 0.635545
0.636525 0.623121 0.506511
0.337509 0.145109 0.199269
0.477594 0.188434 0.016003
0.375300 0.962151 0.392093
0.114371 0.588649 0.336975
0.234915 0.489622 0.714714
0.823425 0.581086 0.507454
0.866791 0.978214 0.053585
0.804547 0.544694 0.202072
0.650010 0.492149 0.915503
0.045941 0.416829 0.164007
0.906411 0.683564 0.831797
0.512925 0.534909 0.832821
0.363347 0.506139 0.356604
0.628638 0.588903 0.097783
0.175031 0.032750 0.563219
0.374240 0.682289 0.304968
0.314307 0.637521 0.451572
0.299666 0.348936 0.855086
0.416833 0.711955 0.407202
0.961601 0.867876 0.165656
0.840929 0.204198 0.576600
0.253673 0.423047 0.202657
0.724381 0.554077 0.557847
0.805576 0.506925 0.743898
0.332027 0.802933 0.329668
0.385397 0.000543 0.291610
0.496578 0.687893 0.024424
0.822354 0.519696 0.160692
0.319107 0.074693 0.034744
0.628504 0.023776 0.105157
0.719767 0.517204 0.833496
0.736265 0.598436 0.372421
0.888982 0.809572 0.114581
0.682131 0.144176 0.339392
0.440941 0.265252 0.201286
0.435514 0.313354 0.843602
0.177494 0.087834 0.258330
0.357859 0.516866 0.985246
0.938421 0.214651 0.006423
0.228724 0.083345 0.653590
0.665941 0.644417 0.781862
0.048863 0.425049 0.639075
0.331140 0.551627 0.617150
0.652761 0.801255 0.566066
0.420949 0.951107 0.453205
0.758401 0.691557 0.374153
0.583694 0.587561 0.999903
0.669384 0.472907 0.825822
0.402464 0.397522 0.044111
0.582763 0.406915 0.487552
0.654549 0.005783 0.780651
0.228140 0.426640 0.007170
0.894977 0.118142 0.048033
0.996575 0.878354 0.240475
0.072312 0.823498 0.413817
0.193231 0.543280 0.891509
0.180668 0.655709 0.091916
0.328497 0.323572 0.746901
0.549154 0.496983 0.696819
0.184849 0.877154 0.571837
0.326181 0.380418 0.883911
0.260258 0.255721 0.332460
0.097552 0.821225 0.316049
0.227675 0.415518 0.595031
0.831600 0.770083 0.279370
0.142842 0.602828 0.658494
0.236241 0.930235 0.461022
0.602626 0.422144 0.844070
0.098733 0.305308 0.445033
0.549347 0.621157 0.156343
0.760764 0.738405 0.720746
0.237623 0.408311 0.250614
0.500169 0.274377 0.591293
0.247681 0.006067 0.802980
0.505378 0.071571 0.801878
0.518066 0.825053 0.289335
0.853697 0.897947 0.921069
0.460057 0.427896 0.921939
0.592145 0.928304 0.819153
0.825373 0.917389 0.763511
0.213043 0.496669 0.985223
0.686892 0.520146 0.585038
0.960434 0.361372 0.965696
0.661732 0.907551 0.235182
0.615584 0.097220 0.343348
0.204378 0.224711 0.529081
0.085086 0.111716 0.954492
0.514593 0.737117 0.248490
0.665959 0.654277 0.179393
0.465326 0.269203 0.624818
0.335134 0.262580 0.470274
0.309424 0.905884 0.697515
0.639654 0.761667 0.213130
0.364608 0.041935 0.156422
0.735841 0.555678 0.452406
0.734022 0.640073 0.569154
0.499001 0.361577 0.591328
0.878039 0.144343 0.116781
0.293769 0.644225 0.053971
0.158702 0.303847 0.334331
0.730129 0.098425 0.319542
0.721995 0.427219 0.055011
0.038425 0.962265 0.496342
0.833673 0.883178 0.005712
0.381609 0.016701 0.425975
0.437897 0.429352 0.633442
0.944412 0.829873 0.734154
0.510206 0.450379 0.978816
0.005512 0.671001 0.791428
0.151531 0.944550 0.240809
0.214292 0.595352 0.819567
0.109018 0.243212 0.286846
0.489520 0.866306 0.237461
0.394304 0.751438 0.926823
0.616896 0.194253 0.387413
0.739885 0.179141 0.283954
0.242046 0.297522 0.801514
0.750930 0.428090 0.572187
0.389985 0.183780 0.586181
0.848769 0.289406 0.717014
0.464212 0.284984 0.306705
0.918338 0.079359 0.302692
0.104743 0.134896 0.303994
0.319729 0.063746 0.014122
0.574006 0.962987 0.261574
0.910111 0.853588 0.638703
0.364157 0.381603 0.852681
0.869651 0.273190 0.460015
0.554881 0.879205 0.443034
0.485684 0.990985 0.711380
0.581909 0.730638 0.840722
0.533643 0.287343 0.213719
0.927367 0.950174 0.007632
0.465754 0.652719 0.435305
0.363730 0.775225 0.989638
0.271892 0.078913 0.134570
0.076726 0.285808 0.780575
0.850455 0.259454 0.880554
0.179882 0.474654 0.978942
0.839902 0.485235 0.222648
0.414361 0.644970 0.601331
0.576279 0.284266 0.035642
0.641287 0.212634 0.203712
0.571452 0.738640 0.121353
0.709313 0.904441 0.269352
0.168246 0.484655 0.813207
0.827877 0.005550 0.969748
0.283808 0.842137 0.425224
0.250102 0.893070 0.105240
0.514722 0.324142 0.340697
0.482584 0.025250 0.992038
0.663746 0.498762 0.088329
0.312145 0.080280 0.680562
0.208423 0.744058 0.291492
0.940982 0.383830 0.715204
0.652654 0.805884 0.642732
0.433802 0.604251 0.787184
0.567086 0.950362 0.324293
0.742617 0.049263 0.432912
0.420749 0.200794 0.450389
0.120486 0.085681 0.950740
0.841525 0.609916 0.580267
0.142796 0.627198 0.750886
0.949288 0.500472 0.059008
0.368423 0.806603 0.915344
0.698200 0.206767 0.926642
0.849189 0.929997 0.134274
0.452003 0.390359 0.690313
0.519634 0.592849 0.263988
0.349523 0.046905 0.301813
0.956309 0.634347 0.715688
0.771857 0.433900 0.790190
0.599796 0.490917 0.525935
0.146607 0.566335 0.756003
0.381608 0.782570 0.904521
0.611780 0.246808 0.584506
0.112118 0.080800 0.333203
0.989815 0.900532 0.024287
0.628782 0.056436 0.165302
0.490839 0.887255 0.733448
0.691594 0.885130 0.666695
0.892444 0.982624 0.996340
0.714253 0.734912 0.946045
0.145488 0.870196 0.165671
0.723728 0.142202 0.873654
0.715804 0.504426 0.036551
0.774323 0.771351 0.129843
0.202812 0.454400 0.084353
0.406912 0.824255 0.526637
0.848554 0.090717 0.031107
0.687362 0.835222 0.615199
0.700786 0.952127 0.544867
0.676858 0.606264 0.493506
0.417543 0.023536 0.189493
0.436148 0.755385 0.512668
0.636448 0.102295 0.967240
0.019561 0.784035 0.441675
0.666522 0.670147 0.346893
0.871959 0.358339 0.847257
0.063920 0.235793 0.915546
0.621947 0.467952 0.348263
0.378488 0.534042 0.131443
0.184612 0.188117 0.213960
0.366683 0.578706 0.847306
0.962925 0.685656 0.348764
0.497596 0.748908 0.702119
0.678074 0.203838 0.291224
0.428413 0.786373 0.839615
0.414922 0.095686 0.980792
0.535147 0.703627 0.104703
0.320963 0.755692 0.335299
0.223149 0.329954 0.409418
0.740093 0.236787 0.830673
0.975868 0.234276 0.865789
0.567079 0.047301 0.400991
0.972034 0.284898 0.527274
0.917259 0.930772 0.654410
0.868147 0.015092 0.265590
0.034846 0.142288 0.361124
0.857308 0.863139 0.030234
0.292763 0.060118 0.985100
0.487774 0.263701 0.639448
0.040843 0.386484 0.483482
0.380400 0.773087 0.084690
0.818235 0.622114 0.162591
0.385659 0.932860 0.447275
0.941647 0.328428 0.219710
0.491428 0.976410 0.645432
0.492899 0.890360 0.767360
0.642481 0.895960 0.270810
0.154935 0.799052 0.756345
0.497081 0.299861 0.290570
0.543216 0.760612 0.962324
0.634859 0.964920 0.239299
0.843648 0.552517 0.203702
0.582254 0.304893 0.684830
0.823484 0.533649 0.547937
0.010057 0.692091 0.612538
0.055788 0.249567 0.173459
0.366402 0.693498 0.464613
0.606748 0.795241 0.413934
0.892573 0.834553 0.130423
0.055112 0.296845 0.424779
0.039530 0.855543 0.291560
0.097607 0.116223 0.586560
0.973871 0.084659 0.533178
0.533692 0.831968 0.265638
0.933887 0.084487 0.148660
0.188705 0.064589 0.022089
0.425128 0.459874 0.690420
0.387311 0.038837 0.325074
0.928927 0.251186 0.388621
0.397356 0.026209 0.961391
0.705436 0.988301 0.357640
0.069383 0.331049 0.304565
0.834341 0.996126 0.343882
0.303083 0.854703 0.121273
0.240651 0.891556 0.307061
0.842696 0.526279 0.886865
0.125223 0.236532 0.934024
0.186418 0.491903 0.764733
0.485556 0.498154 0.748556
0.574180 0.288923 0.744318
0.451031 0.322968 0.867588
0.468699 0.347305 0.991696
0.796484 0.518685 0.077268
0.821916 0.050922 0.107998
0.577275 0.753487 0.367784
0.377219 0.867353 0.955479
0.358186 0.747909 0.097819
0.065062 0.715668 0.546932
0.115562 0.109525 0.338548
0.898567 0.678902 0.889789
0.412313 0.154372 0.238281
0.558309 0.991496 0.792055
0.476102 0.738516 0.763863
0.026871 0.862094 0.921841
0.161008 0.761000 0.743173
0.240451 0.861829 0.987987
0.439804 0.303791 0.073272
0.582401 0.237911 0.938187
0.630475 0.468569 0.130887
0.248988 0.858402 0.055844
0.033251 0.913310 0.805536
0.421102 0.064767 0.016013
0.714699 0.375688 0.560016
0.697794 0.855685 0.693780
0.303181 0.799860 0.216270
0.832933 0.934138 0.343038
0.101358 0.451937 0.928890
0.866985 0.951539 0.409379
0.241208 0.273956 0.550251
0.402191 0.100075 0.034415
0.675149 0.341673 0.303309
0.775997 0.690750 0.228824
0.449011 0.065517 0.503345
0.798815 0.552513 0.343097
0.311431 0.279097 0.980919
0.160764 0.708524 0.003935
0.703587 0.685715 0.463943
0.070229 0.869828 0.676885
0.360475 0.929387 0.854047
0.334404 0.351227 0.975852
0.102222 0.934168 0.832594
0.584486 0.489012 0.221468
0.435979 0.712283 0.964554
0.755051 0.770269 0.347134
0.949962 0.544656 0.372184
0.133706 0.707405 0.299928
0.527272 0.335845 0.665703
0.590716 0.924986 0.380582
0.118931 0.947888 0.015045
0.738136 0.054014 0.800121
0.487797 0.820436 0.670307
0.216587 0.043762 0.487368
0.294601 0.452221 0.267164
0.976098 0.205125 0.235278
0.935241 0.421613 0.358988
0.356931 0.340062 0.774432
0.650957 0.197221 0.465795
0.288281 0.667688 0.431442
0.128639 0.292973 0.956436
0.073321 0.765458 0.725653
0.746652 0.342511 0.178308
0.974967 0.820918 0.510805
0.280312 0.631237 0.925921
0.199141 0.622312 0.095251
0.421175 0.336609 0.268694
0.666226 0.923403 0.385826
0.754314 0.995199 0.132387
0.543907 0.693568 0.406071
0.624255 0.356674 0.890246
0.526926 0.171899 0.421545
0.287681 0.182640 0.623583
0.678109 0.487571 0.689055
0.270365 0.147929 0.844041
0.451861 0.410268 0.987164
0.068365 0.917441 0.509715
0.157387 0.765381 0.735040
0.327650 0.721767 0.604327
0.982691 0.318483 0.853830
0.727188 0.638446 0.044860
0.845727 0.054176 0.758037
0.478407 0.795666 0.942259
0.360050 0.397449 0.198338
0.689691 0.515277 0.497167
0.514273 0.091365 0.378621
0.713924 0.718029 0.631247
0.705616 0.947862 0.006741
0.801249 0.629281 0.706231
0.879215 0.844718 0.427321
0.889241 0.648074 0.370262
0.991809 0.298599 0.181279
0.434853 0.365290 0.339657
0.528721 0.367437 0.197190
0.035656 0.871691 0.764986
0.932434 0.399464 0.536608
0.900206 0.647184 0.096815
0.784398 0.062714 0.970607
0.289808 0.197834 0.047911
0.616431 0.393210 0.244616
0.518057 0.036892 0.007322
0.100082 0.466925 0.698195
0.617255 0.702824 0.765841
0.177903 0.961407 0.673631
0.316976 0.509123 0.096299
0.601157 0.782646 0.473149
0.646393 0.603228 0.499099
0.006900 0.559523 0.662564
0.192307 0.002897 0.763555
0.835981 0.877549 0.941573
0.471566 0.076471 0.972955
0.528004 0.237214 0.974667
0.848540 0.731037 0.527343
0.906359 0.784373 0.189520
0.435877 0.845738 0.814785
0.424444 0.424038 0.178349
0.611019 0.908847 0.720019
0.270592 0.685611 0.068253
0.791886 0.409468 0.264183
0.869604 0.950212 0.193249
0.889937 0.143564 0.883565
0.112333 0.940347 0.388567
0.757865 0.669629 0.421424
0.087647 0.613358 0.905463
0.955614 0.978106 0.973978
0.547476 0.118825 0.002906
0.802773 0.069091 0.617314
0.436145 0.375971 0.752184
0.775758 0.921439 0.386334
0.914713 0.295727 0.784595
0.966052 0.900727 0.286891
0.994354 0.907576 0.763829
0.371655 0.969846 0.095193
0.087487 0.046494 0.739754
0.866147 0.470822 0.041841
0.646763 0.929061 0.688103
0.239290 0.745198 0.485055
0.185557 0.906789 0.989721
0.807759 0.432203 0.515020
0.813967 0.906878 0.165666
0.976798 0.992044 0.515680
0.433172 0.531030 0.306310
0.753593 0.673454 0.832885
0.884123 0.060298 0.042832
0.665485 0.401493 0.531602
0.129537 0.609583 0.725715
0.028817 0.747691 0.882400
0.902554 0.889112 0.246987
0.076420 0.585571 0.322683
0.207961 0.404733 0.902245
0.194294 0.963895 0.234996
0.951889 0.375573 0.219740
0.913668 0.120480 0.717971
0.813552 0.035722 0.313770
0.108558 0.611095 0.327112
0.207216 0.460422 0.705497
0.432540 0.006368 0.104531
0.246933 0.548111 0.790110
0.301204 0.651076 0.773534
0.925611 0.344057 0.308650
0.318710 0.081922 0.527385
0.894137 0.304749 0.872218
0.965618 0.880363 0.295510
0.820280 0.567591 0.303081
0.362510 0.745520 0.321608
0.853073 0.759082 0.717811
0.512876 0.937124 0.746587
0.215344 0.541276 0.021335
0.401211 0.171645 0.545960
0.486453 0.951837 0.265844
0.957402 0.695160 0.829770
0.892643 0.897309 0.456267
0.661770 0.977323 0.335538
0.120060 0.857087 0.823614
0.434662 0.213946 0.453346
0.600184 0.988052 0.529365
0.343844 0.066687 0.692717
0.970045 0.492702 0.450283
0.360268 0.404407 0.950679
0.612813 0.996201 0.257242
0.888278 0.375648 0.603720
0.404463 0.328754 0.683638
0.644458 0.762246 0.761935
0.760356 0.817050 0.512134
0.972133 0.589792 0.145166
0.969798 0.647222 0.420718
0.518095 0.448224 0.685508
0.691922 0.092915 0.437231
0.550367 0.625643 0.695144
0.436579 0.457309 0.767102
0.747776 0.270357 0.667161
0.380710 0.783906 0.962098
0.080034 0.192993 0.537465
0.853135 0.573187 0.342635
0.535037 0.966261 0.836414
0.936881 0.363444 0.681998
0.102277 0.732270 0.465923
0.843889 0.216758 0.697695
0.340700 0.648082 0.598593
0.611449 0.259048 0.207789
0.923244 0.043411 0.408263
0.477583 0.708778 0.004374
0.372619 0.718894 0.614005
0.989392 0.453829 0.687578
0.783159 0.002681 0.051272
0.620077 0.838723 0.527738
0.878927 0.108550 0.525439
0.710734 0.333031 0.685855
0.959107 0.226591 0.473557
0.114871 0.033147 0.733004
0.025185 0.293840 0.303501
0.412533 0.791646 0.215242
0.220437 0.779751 0.077491
0.175924 0.172679 0.861336
0.412708 0.355101 0.682246
0.038687 0.562270 0.414227
0.095352 0.033964 0.098766
0.506840 0.468853 0.696799
0.032409 0.482941 0.833178
0.820025 0.529292 0.042995
0.613418 0.523344 0.636474
0.013281 0.924335 0.919523
0.974924 0.739613 0.473937
0.173476 0.634637 0.551227
0.484770 0.814625 0.590951
0.208774 0.466865 0.853420
0.638378 0.477174 0.363260
0.853048 0.449823 0.448891
