0.525163 0.385042 0.494098
0.802389 0.461550 0.874767
0.997470 0.470642 0.358937
0.785333 0.489182 0.415798
0.083385 0.917522 0.628940
0.190465 0.088044 0.218473
0.829673 0.565274 0.712116
0.841400 0.106252 0.157644
0.595559 0.041749 0.483878
0.068666 0.918568 0.392333
0.125146 0.744237 0.539363
0.998242 0.822243 0.255288
0.083501 0.930794 0.140162
0.003831 0.784742 0.203185
0.202053 0.738357 0.196865
0.576928 0.969143 0.561866
0.465602 0.666348 0.501125
0.659891 0.117395 0.654398
0.531907 0.358633 0.683311
0.303519 0.141456 0.413119
0.805883 0.980398 0.918416
0.235574 0.879538 0.382010
0.036284 0.444089 0.447155
0.071561 0.189659 0.428938
0.859677 0.747346 0.398881
0.395950 0.904163 0.804479
0.428784 0.099638 0.306111
0.019618 0.705743 0.228718
0.832504 0.419030 0.241573
0.381185 0.707059 0.328062
0.965522 0.598314 0.731804
0.696611 0.975229 0.781976
0.970783 0.217761 0.098496
0.003415 0.981917 0.602928
0.797613 0.034644 0.180386
0.163484 0.065649 0.695262
0.377213 0.102990 0.482906
0.785246 0.887689 0.865248
0.967177 0.352292 0.446223
0.616109 0.421464 0.638807
0.623912 0.243059 0.215870
0.416774 0.574601 0.287779
0.917854 0.190560 0.555049
0.583241 0.037513 0.456284
0.249224 0.164671 0.352791
0.707954 0.128556 0.915400
0.367340 0.202946 0.248406
0.454883 0.930425 0.769157
0.590463 0.206858 0.819376
0.386032 0.013959 0.549001
0.839718 0.808065 0.347408
0.126838 0.627076 0.368632
0.774510 0.358065 0.463128
0.687497 0.948030 0.384986
0.859634 0.417050 0.296349
0.094153 0.827610 0.273709
0.983086 0.461606 0.636851
0.666174 0.676460 0.128557
0.608355 0.120141 0.699516
0.763174 0.221556 0.366908
0.012477 0.962268 0.280316
0.151899 0.575706 0.227083
0.432182 0.750486 0.615149
0.124839 0.006040 0.800749
0.155758 0.409832 0.122238
0.738098 0.315519 0.645464
0.992889 0.261397 0.543606
0.208102 0.936876 0.782926
0.119135 0.922306 0.652957
0.439955 0.827871 0.880944
0.769803 0.610026 0.475098
0.236798 0.338663 0.732786
0.553707 0.937182 0.889872
0.461516 0.924537 0.199832
0.921493 0.605542 0.811206
0.919278 0.680850 0.648648
0.726810 0.892799 0.450883
0.959427 0.434925 0.637885
0.266156 0.561890 0.859717
0.823071 0.118152 0.661320
0.811863 0.420524 0.138808
0.757581 0.967813 0.907664
0.888797 0.205202 0.746339
0.030915 0.719144 0.042220
0.799816 0.426722 0.630346
0.632872 0.520866 0.376556
0.608652 0.336626 0.196283
0.067543 0.985619 0.594167
0.829133 0.736418 0.481690
0.205810 0.835904 0.724827
0.336064 0.677870 0.957567
0.863428 0.776939 0.665861
0.470132 0.207139 0.633925
0.357579 0.277533 0.446268
0.544370 0.189928 0.042411
0.998468 0.103512 0.272497
0.104334 0.579032 0.896483
0.598343 0.708558 0.446072
0.723403 0.096853 0.774230
0.286536 0.650696 0.959921
