0.073934 0.350722 0.023904
0.318185 0.629686 0.815078
0.444523 0.337327 0.220469
0.195324 0.989786 0.071508
0.253997 0.682105 0.589400
0.868513 0.859747 0.392359
0.858295 0.989496 0.272548
0.601274 0.261083 0.299471
0.318009 0.279491 0.669153
0.661956 0.020031 0.907224
0.461219 0.976888 0.067702
0.814237 0.751287 0.863893
0.441104 0.261044 0.347731
0.549122 0.097091 0.410962
0.556798 0.017489 0.353808
0.580411 0.150599 0.124198
0.479265 0.615802 0.588708
0.732210 0.966969 0.359192
0.552337 0.148398 0.505173
0.095854 0.920425 0.241586
0.020743 0.201546 0.182193
0.496457 0.483991 0.601061
0.743218 0.540570 0.135757
0.428241 0.075543 0.044308
0.621554 0.016622 0.330482
0.659490 0.359074 0.568002
0.476069 0.256253 0.964987
0.322812 0.759871 0.303089
0.662132 0.585003 0.766973
0.916888 0.542819 0.703107
0.734036 0.469227 0.561987
0.064675 0.965709 0.806798
0.836045 0.984301 0.144418
0.014311 0.638395 0.272136
0.782624 0.406062 0.968288
0.996920 0.077724 0.674244
0.013462 0.891558 0.722209
0.118698 0.537829 0.101361
0.374836 0.716307 0.429518
0.546149 0.593209 0.338362
0.460593 0.988602 0.346581
0.265573 0.304841 0.067933
0.835457 0.339264 0.963062
0.500242 0.782421 0.951516
0.708649 0.871244 0.484416
0.059571 0.995186 0.780198
0.402852 0.529811 0.191055
0.171791 0.856603 0.700727
0.172671 0.397570 0.380024
0.787177 0.317438 0.895547
0.355118 0.393696 0.333117
0.582128 0.686407 0.112682
0.905898 0.107716 0.935568
0.215074 0.857220 0.089686
0.213739 0.671254 0.299175
0.712095 0.975267 0.329713
0.538352 0.174753 0.930172
0.938086 0.793796 0.763728
0.605310 0.835869 0.467371
0.278244 0.809409 0.050033
0.055164 0.967123 0.099644
0.447475 0.427190 0.290007
0.424011 0.182119 0.978545
0.630908 0.163675 0.521525
0.946699 0.627610 0.352916
0.991613 0.728868 0.794108
0.074693 0.616000 0.355942
0.638946 0.914167 0.558033
0.905039 0.525759 0.736413
0.529294 0.819501 0.108758
0.920444 0.217436 0.415647
0.292227 0.293893 0.091384
0.700199 0.087212 0.819103
0.070931 0.522312 0.975339
0.098228 0.851434 0.048586
0.163809 0.307108 0.997849
0.888807 0.113984 0.276207
0.736843 0.449345 0.129543
0.367725 0.936068 0.881696
0.931559 0.554513 0.865912
0.348253 0.475501 0.120368
0.118538 0.923808 0.569026
0.291419 0.137570 0.863762
0.911731 0.987331 0.306142
0.656182 0.305567 0.835091
0.025007 0.639909 0.468025
0.255638 0.423191 0.976676
0.472432 0.496969 0.991339
0.230881 0.169280 0.150783
0.195736 0.177771 0.088229
0.457333 0.367599 0.521853
0.903125 0.878337 0.006389
0.923461 0.289555 0.687718
0.212611 0.007920 0.657105
0.564907 0.065085 0.445666
0.519098 0.793443 0.150409
0.496255 0.252363 0.469391
0.858526 0.981045 0.308234
0.510540 0.579843 0.058465
0.373622 0.184346 0.185303
0.916491 0.235172 0.811189
0.595757 0.948654 0.051484
0.922279 0.149230 0.592278
0.065200 0.777036 0.136573
0.989782 0.922581 0.931864
0.964635 0.718900 0.456575
0.713292 0.614666 0.426285
0.399820 0.462888 0.824313
0.056049 0.293793 0.536201
0.350631 0.032584 0.811646
0.275521 0.187171 0.075569
0.393064 0.423860 0.232454
0.729186 0.851714 0.316733
0.105325 0.190530 0.521678
0.476825 0.073168 0.517635
0.303344 0.657497 0.638719
0.873610 0.049419 0.214829
0.052331 0.081567 0.863222
0.479396 0.119689 0.982124
0.734746 0.642408 0.296944
0.591214 0.202842 0.175800
0.487296 0.505531 0.660480
0.803740 0.756209 0.912809
0.343682 0.846229 0.080430
0.292029 0.844289 0.403645
0.388679 0.569984 0.727229
0.104157 0.424052 0.048278
0.677599 0.419828 0.983196
0.909693 0.054831 0.056130
0.587551 0.138765 0.207678
0.695184 0.623704 0.529573
0.670544 0.206356 0.240275
0.704461 0.933535 0.530512
0.428583 0.677759 0.840049
0.549824 0.525744 0.133828
0.812229 0.053707 0.445518
0.430938 0.975717 0.701289
0.886983 0.496156 0.695711
0.216517 0.569311 0.622070
0.382671 0.012112 0.052253
0.629259 0.615219 0.597954
0.126114 0.309889 0.986808
0.013597 0.978359 0.532245
0.650392 0.937609 0.985155
0.581609 0.772735 0.371467
0.813832 0.914077 0.413411
0.125753 0.275189 0.275057
0.914140 0.319325 0.266304
0.428766 0.687859 0.355913
0.193997 0.570733 0.675884
0.119144 0.092267 0.609770
0.068886 0.078021 0.637570
0.556426 0.621018 0.726357
0.148260 0.292876 0.558310
0.978403 0.520149 0.897301
0.796443 0.466545 0.972800
0.439689 0.066535 0.632379
0.968468 0.246183 0.041401
0.916957 0.132436 0.774317
0.067822 0.843251 0.282947
0.861536 0.177817 0.173064
0.114958 0.054660 0.610060
0.784571 0.294618 0.474715
0.248885 0.788462 0.054707
0.816000 0.857538 0.652263
0.164715 0.307689 0.480638
0.824108 0.167530 0.920564
0.705026 0.615531 0.583527
0.323302 0.075078 0.900696
0.682577 0.185480 0.096859
0.089605 0.256571 0.363972
0.861294 0.622961 0.707170
0.489341 0.742065 0.670689
0.210116 0.810245 0.460042
0.141157 0.972710 0.722368
0.900971 0.406748 0.913790
0.018282 0.169638 0.044367
0.464872 0.488541 0.300775
0.320647 0.710229 0.533855
0.156270 0.752574 0.000065
0.278320 0.239537 0.560289
0.827866 0.051917 0.110024
0.443574 0.123058 0.110288
0.708723 0.762451 0.470610
0.453275 0.548551 0.733948
0.601287 0.504229 0.228417
0.818690 0.671687 0.322978
0.246145 0.131567 0.413094
0.557688 0.850150 0.304674
0.643370 0.994893 0.583074
0.263952 0.109663 0.466328
0.248735 0.243793 0.375835
0.691604 0.361063 0.164876
0.392129 0.873891 0.563125
0.099691 0.621599 0.977949
0.592030 0.810765 0.409488
0.885111 0.110183 0.814328
0.808072 0.154238 0.100310
0.288752 0.182389 0.798914
0.290647 0.402625 0.484315
0.699817 0.130251 0.842163
0.864106 0.851037 0.031411
0.390924 0.828546 0.469922
0.970618 0.753664 0.671605
0.923787 0.863362 0.396731
0.333749 0.693960 0.750334
0.842084 0.160752 0.028148
0.697248 0.502360 0.104513
0.307464 0.350906 0.749371
0.015834 0.722631 0.772469
0.319649 0.181709 0.681419
0.971697 0.053992 0.869087
0.221073 0.632565 0.462797
0.267983 0.572937 0.048197
0.001478 0.396139 0.291666
0.737890 0.020874 0.218031
0.480272 0.678343 0.465195
0.215943 0.546528 0.882850
0.162259 0.081808 0.287919
0.094555 0.165777 0.413688
0.197219 0.774505 0.183719
0.326477 0.989362 0.196712
0.757777 0.250659 0.785728
0.470500 0.377112 0.173674
0.290572 0.009417 0.469286
0.771123 0.695281 0.998602
0.538864 0.029404 0.538450
0.249777 0.244012 0.101815
0.142403 0.101581 0.392738
0.210255 0.519474 0.361374
0.838048 0.283491 0.488748
0.174107 0.646909 0.065478
0.764683 0.662023 0.555722
0.557327 0.729767 0.579504
0.873491 0.970541 0.346924
0.983015 0.243213 0.970477
0.795912 0.681641 0.876645
0.434070 0.942387 0.914071
0.470089 0.230648 0.434551
0.354728 0.324208 0.823483
0.949266 0.434005 0.075170
0.969596 0.615357 0.661780
0.642731 0.485745 0.948372
0.481825 0.701467 0.736612
0.217820 0.837532 0.120397
0.040296 0.888936 0.527202
0.078866 0.535424 0.396618
0.626553 0.400114 0.673791
0.503410 0.144604 0.143303
0.013650 0.462038 0.369995
0.887541 0.279035 0.091981
0.550425 0.671368 0.852613
0.656410 0.195278 0.012712
0.794594 0.716948 0.350894
0.801962 0.076317 0.941028
0.253511 0.458273 0.810537
0.214712 0.226035 0.353816
0.902210 0.268585 0.208684
0.950705 0.201837 0.516336
0.367534 0.370428 0.182373
0.562986 0.486793 0.430992
0.696636 0.194347 0.671265
0.115876 0.112589 0.126056
0.728034 0.812853 0.220272
0.630609 0.443258 0.576255
0.180065 0.209565 0.337274
0.432027 0.851703 0.315261
0.580488 0.320171 0.694384
0.290808 0.496525 0.868333
0.134737 0.896104 0.802708
0.542383 0.820737 0.601617
0.768664 0.808429 0.384394
0.569319 0.417146 0.039581
0.952149 0.130234 0.031877
0.858352 0.553878 0.361228
0.152417 0.600376 0.125747
0.760160 0.426682 0.695933
0.623508 0.531103 0.068060
0.254049 0.332106 0.847454
0.661339 0.332303 0.088287
0.190847 0.550521 0.593965
0.096100 0.613192 0.455063
0.937248 0.226207 0.330276
0.831452 0.620431 0.951015
0.828222 0.045331 0.278595
0.049532 0.824542 0.951496
0.486812 0.071101 0.963563
0.652014 0.975436 0.821951
0.897379 0.546473 0.639564
0.200057 0.430070 0.504122
0.539264 0.265118 0.331138
0.053510 0.953564 0.500306
0.065394 0.364894 0.455250
0.223994 0.527187 0.818810
0.506525 0.733131 0.001771
0.557303 0.533948 0.010746
0.887567 0.820053 0.832045
0.300094 0.974793 0.711438
0.563704 0.344949 0.119197
0.551512 0.378084 0.296179
0.169901 0.040929 0.621267
0.881308 0.669859 0.319342
0.146497 0.047464 0.887403
0.048613 0.789764 0.963601
0.456044 0.849231 0.775188
0.175113 0.321275 0.334473
0.663903 0.066645 0.487079
0.717927 0.535330 0.459814
0.203502 0.788702 0.499557
0.976701 0.964150 0.447138
0.293086 0.381688 0.077433
0.341157 0.184274 0.092797
0.036014 0.133669 0.191852
0.133066 0.260805 0.253357
0.154278 0.889419 0.119107
0.420691 0.104263 0.028380
0.403065 0.793478 0.219150
0.307277 0.552825 0.605399
0.177751 0.378500 0.463769
0.005861 0.217243 0.509041
0.706075 0.569472 0.019066
0.862228 0.483046 0.042291
0.576807 0.572909 0.025556
0.470249 0.347326 0.536623
0.371009 0.089281 0.137672
0.714498 0.428485 0.654306
0.507455 0.536136 0.550246
0.358460 0.279595 0.916680
0.832669 0.159814 0.952252
0.335044 0.289747 0.697575
0.555655 0.876424 0.978341
0.386618 0.231284 0.331437
0.791284 0.647885 0.973632
0.722157 0.242885 0.623400
0.808221 0.753609 0.459452
0.243846 0.021569 0.204695
0.128040 0.223942 0.039113
0.359050 0.455382 0.944894
0.412970 0.451328 0.963902
0.377638 0.426566 0.109601
0.799724 0.515156 0.798961
0.717236 0.077988 0.259806
0.184244 0.144758 0.219871
0.878242 0.677912 0.392574
0.399730 0.595539 0.205234
0.487414 0.874727 0.327942
0.560074 0.457833 0.379730
0.375525 0.533978 0.002196
0.183778 0.516387 0.630641
0.511566 0.702873 0.330235
0.770704 0.693098 0.143812
0.688857 0.742447 0.665102
0.707124 0.008919 0.566039
0.710039 0.328434 0.270425
0.347135 0.648951 0.065077
0.656325 0.562246 0.933481
0.845175 0.249130 0.325514
0.401120 0.944549 0.534238
0.628886 0.854251 0.269479
0.403442 0.769738 0.963393
0.394612 0.998463 0.045348
0.668568 0.096814 0.627910
0.248161 0.842642 0.211592
0.678749 0.135204 0.440998
0.296895 0.566503 0.822880
0.099817 0.099980 0.688229
0.171224 0.393583 0.939629
0.096854 0.943799 0.845225
0.557443 0.584899 0.555931
0.620231 0.074701 0.537536
0.791252 0.819566 0.883930
0.650939 0.644743 0.985497
0.575333 0.201522 0.273717
0.345357 0.566190 0.033569
0.660625 0.308521 0.178699
0.986758 0.680427 0.958210
0.889171 0.185518 0.019674
0.589295 0.931018 0.297242
0.651286 0.647035 0.579724
0.117254 0.837842 0.346590
0.242152 0.787940 0.791043
0.957519 0.753695 0.146840
0.489930 0.346221 0.475256
0.274513 0.466480 0.702119
0.656594 0.114892 0.621474
0.909074 0.778098 0.462262
0.955628 0.586361 0.198251
0.590676 0.688048 0.530784
0.223023 0.116847 0.719805
0.874005 0.123088 0.977912
0.738282 0.302006 0.863991
0.620469 0.261578 0.505712
0.243170 0.026332 0.212678
0.496632 0.596283 0.215240
0.364848 0.023341 0.181248
0.562260 0.221505 0.864187
0.261866 0.452246 0.430279
0.812668 0.411543 0.779308
0.952844 0.913627 0.048647
0.652089 0.014817 0.393968
0.305377 0.016695 0.415716
0.086535 0.400888 0.700760
0.797545 0.813371 0.374230
0.878230 0.032137 0.576537
0.939774 0.033586 0.664982
0.936971 0.785381 0.932545
0.271696 0.446459 0.303387
0.470417 0.107346 0.473338
0.132960 0.048803 0.752958
0.898807 0.255988 0.370575
0.500489 0.379457 0.949772
0.300076 0.415696 0.658307
0.349006 0.446297 0.219399
0.296711 0.223096 0.921331
0.425948 0.803965 0.454862
0.900413 0.144795 0.183887
0.718489 0.920362 0.108106
0.698875 0.115718 0.248732
0.545161 0.501054 0.163877
0.362912 0.388657 0.182422
0.346301 0.304856 0.312794
0.998241 0.632623 0.482025
0.755549 0.698024 0.820728
0.048329 0.358068 0.325802
0.627663 0.307893 0.139861
0.140657 0.071194 0.845366
0.812403 0.674510 0.855012
0.993386 0.109759 0.189392
0.586522 0.050924 0.274975
0.580200 0.356711 0.980740
0.496408 0.833105 0.558481
0.578751 0.926341 0.159447
0.410731 0.634432 0.611149
0.541210 0.049655 0.354659
0.896991 0.910851 0.344307
0.754176 0.606786 0.911367
0.972516 0.592735 0.177492
0.520319 0.077911 0.203598
0.686562 0.399671 0.616508
0.334202 0.415908 0.704471
0.358546 0.122898 0.901321
0.461392 0.973916 0.321866
0.882323 0.383431 0.270712
0.901444 0.991665 0.536043
0.898935 0.870153 0.727377
0.025911 0.046435 0.453165
0.630210 0.287804 0.567602
0.028980 0.141531 0.533715
0.241613 0.598308 0.905945
0.907436 0.756600 0.203591
0.823676 0.015122 0.810129
0.641894 0.001300 0.090669
0.261732 0.768130 0.504828
0.167695 0.535947 0.479659
0.958163 0.352608 0.081286
0.154833 0.430388 0.098614
0.386641 0.951857 0.470743
0.490022 0.893963 0.881933
0.554290 0.060569 0.672750
0.295064 0.448979 0.696148
0.787857 0.755085 0.362770
0.790838 0.404553 0.309833
0.994850 0.969913 0.075965
0.572063 0.257326 0.689320
0.872403 0.511227 0.405249
0.396807 0.856582 0.479284
0.891948 0.744669 0.867935
0.172590 0.955588 0.845405
0.009284 0.886446 0.328189
0.262376 0.211428 0.381686
0.720455 0.172640 0.281387
0.182416 0.171946 0.674004
0.095786 0.531136 0.888125
0.112873 0.344109 0.362010
0.575671 0.098058 0.125528
0.288417 0.298658 0.468689
0.994213 0.788229 0.737850
0.483529 0.920247 0.355582
0.013603 0.803907 0.593848
0.579236 0.468391 0.805251
0.755237 0.263789 0.158398
0.482403 0.445052 0.643691
0.193023 0.710208 0.051610
0.958717 0.424244 0.580246
0.855498 0.663588 0.650211
0.571507 0.944075 0.352009
0.402850 0.823257 0.752859
0.848748 0.039574 0.722375
0.556126 0.751231 0.429194
0.269742 0.445088 0.283132
0.323978 0.802286 0.119065
0.707371 0.034887 0.369511
0.618469 0.802352 0.384347
0.837411 0.839024 0.146239
0.867157 0.991287 0.121941
0.677694 0.891697 0.324318
0.393817 0.494988 0.525602
0.146719 0.108441 0.579336
0.067684 0.352205 0.431110
0.662011 0.133810 0.345620
0.679132 0.889088 0.382285
0.321700 0.300505 0.075196
0.529517 0.340233 0.621305
0.545791 0.266583 0.857505
0.732174 0.032712 0.697809
0.677953 0.240910 0.091994
0.570353 0.919380 0.756907
0.594172 0.653854 0.517813
0.289840 0.477868 0.311892
0.332913 0.935059 0.582807
0.907818 0.989692 0.016368
0.750682 0.762847 0.785398
0.787705 0.967528 0.106329
0.959926 0.877721 0.440958
0.809186 0.012085 0.641540
0.032072 0.582195 0.296723
0.110685 0.951719 0.842323
0.068783 0.072540 0.388461
0.725115 0.805161 0.698963
0.323687 0.223491 0.031563
0.425713 0.205559 0.143328
0.733055 0.195460 0.462943
0.719231 0.104357 0.765393
0.722313 0.811277 0.473282
0.225804 0.075493 0.364441
0.690414 0.743724 0.861202
0.032712 0.103876 0.755705
0.195334 0.000353 0.752814
0.249800 0.720455 0.125343
0.016537 0.435598 0.934004
0.056778 0.208635 0.038678
0.724836 0.692014 0.739750
0.620890 0.088615 0.939757
0.613686 0.543528 0.516926
0.450527 0.614153 0.138573
0.588190 0.140802 0.356732
0.020762 0.953534 0.846673
0.420017 0.696633 0.581976
0.130074 0.512836 0.158447
0.276794 0.647903 0.150129
0.437265 0.917803 0.825213
0.541973 0.636358 0.926003
0.205814 0.709276 0.936829
0.728326 0.956609 0.083903
0.024234 0.296366 0.085624
0.267422 0.026990 0.378454
0.417506 0.099021 0.448616
0.991494 0.589602 0.124639
0.549848 0.765972 0.547845
0.612091 0.274217 0.965372
0.054828 0.239865 0.328456
0.431696 0.626632 0.119873
0.572092 0.478340 0.857195
0.316119 0.499556 0.789111
0.053579 0.147963 0.702549
0.807018 0.968889 0.042799
0.879089 0.055638 0.621562
0.581838 0.846637 0.843334
0.078253 0.109557 0.173045
0.704544 0.863425 0.318044
0.621138 0.703568 0.972791
0.715975 0.164461 0.416296
0.166206 0.044602 0.098032
0.986469 0.045727 0.340042
0.395614 0.052121 0.298916
0.644161 0.360667 0.921646
0.071101 0.851486 0.282102
0.839665 0.852162 0.416715
0.552005 0.855383 0.617829
0.659114 0.263086 0.216265
0.115910 0.462879 0.561195
0.455403 0.916670 0.404059
0.377058 0.888214 0.706096
0.054802 0.400867 0.043903
0.318860 0.178315 0.304619
0.041748 0.795782 0.489723
0.669066 0.818333 0.055186
0.901645 0.124507 0.291454
0.505791 0.643690 0.620305
0.448737 0.975424 0.987046
0.751275 0.772216 0.452464
0.885637 0.788451 0.511025
0.505386 0.296563 0.814799
0.876900 0.229501 0.490887
0.161694 0.135351 0.699564
0.641302 0.715292 0.052234
0.604678 0.009194 0.393116
0.378464 0.286812 0.710041
0.316937 0.818883 0.122904
0.785184 0.036798 0.679075
0.648343 0.890819 0.166384
0.751891 0.420418 0.256139
0.842779 0.814188 0.097616
0.109442 0.194539 0.183476
0.057538 0.759081 0.481198
0.007631 0.698798 0.354014
0.700074 0.239571 0.377377
0.157631 0.323001 0.155051
0.105891 0.060089 0.740770
0.399390 0.883711 0.705313
0.443171 0.634776 0.014303
0.562079 0.313793 0.197371
0.548810 0.864615 0.347591
0.232301 0.425389 0.626068
0.797649 0.471189 0.630724
0.375063 0.794398 0.745882
0.640594 0.480122 0.964598
0.405810 0.433944 0.889281
0.555993 0.674761 0.724031
0.186802 0.816929 0.832800
0.356359 0.157749 0.248922
0.708717 0.785036 0.309420
0.572740 0.976777 0.427164
0.745204 0.427618 0.793443
0.340219 0.750524 0.454590
0.302865 0.185767 0.792111
0.313504 0.403354 0.021293
0.379115 0.570210 0.921422
0.210180 0.894799 0.618092
0.491726 0.818401 0.290718
0.226248 0.451535 0.442365
0.888066 0.403222 0.541324
0.272023 0.674190 0.671480
0.507064 0.379991 0.287050
0.570465 0.152990 0.884582
0.823147 0.671129 0.521430
0.393990 0.829283 0.800346
0.909830 0.048067 0.600810
0.141833 0.815074 0.763545
0.700220 0.017820 0.424770
0.655108 0.513498 0.446339
0.560606 0.466453 0.230964
0.730238 0.443613 0.260783
0.156582 0.627657 0.174283
0.391823 0.909689 0.543259
0.178846 0.398389 0.113394
0.983404 0.822113 0.827171
0.811801 0.664560 0.325216
0.179325 0.939599 0.394826
0.954907 0.686729 0.445722
0.672431 0.772814 0.132527
0.799165 0.227534 0.999784
0.395490 0.947398 0.480062
0.797364 0.755954 0.369177
0.694408 0.078722 0.925614
0.363813 0.821908 0.993409
0.905773 0.020387 0.539696
0.971978 0.227496 0.841996
0.046370 0.959287 0.666382
0.034619 0.049802 0.187956
0.753971 0.572995 0.449340
0.516421 0.564663 0.876997
0.299446 0.832735 0.824978
0.838410 0.715127 0.453284
0.506937 0.651726 0.370029
0.904157 0.346432 0.904909
0.522466 0.058911 0.453827
0.164867 0.135342 0.973913
0.966765 0.053253 0.041899
0.510116 0.650355 0.745236
0.708699 0.742321 0.569612
0.962390 0.719394 0.577758
0.704557 0.294297 0.715276
0.731909 0.401939 0.721390
0.795539 0.618365 0.368461
0.979765 0.048556 0.115406
0.984770 0.264619 0.827055
0.081685 0.584222 0.780345
0.012736 0.017229 0.314356
0.164768 0.942478 0.083485
0.913039 0.886191 0.792589
0.170354 0.885984 0.138581
0.150587 0.320501 0.895498
0.102642 0.431071 0.863829
0.074352 0.901255 0.459538
0.518780 0.792800 0.306158
0.985926 0.316026 0.448105
0.290305 0.053935 0.754298
0.963825 0.040856 0.962312
0.355293 0.125807 0.965434
0.720003 0.461656 0.543321
0.475493 0.757377 0.280529
0.714294 0.348198 0.055120
0.634807 0.739377 0.067261
0.821383 0.864832 0.065221
0.220389 0.197193 0.967318
0.250344 0.336129 0.419861
0.872559 0.253030 0.287303
0.192772 0.981684 0.801183
0.851300 0.248631 0.744493
0.379153 0.050179 0.484776
0.983235 0.861075 0.586995
0.973723 0.832628 0.804449
0.154459 0.110392 0.568653
0.858070 0.481873 0.178861
0.029844 0.964847 0.166662
0.847695 0.741170 0.280621
0.979937 0.439058 0.537501
0.798757 0.297370 0.365422
0.364182 0.140301 0.888711
0.347065 0.581227 0.839286
0.630213 0.442942 0.678387
0.987455 0.956415 0.861259
0.354263 0.273382 0.611516
0.035320 0.370631 0.577521
0.810358 0.316589 0.913209
0.140444 0.962711 0.997386
0.394377 0.860892 0.903646
0.157535 0.571079 0.719638
0.005438 0.281694 0.727043
0.972848 0.945533 0.652731
0.103271 0.423381 0.185936
0.852655 0.020331 0.464147
0.330786 0.343504 0.505295
0.432342 0.657410 0.973755
0.350458 0.047535 0.882240
0.195542 0.234838 0.129491
0.340723 0.175176 0.239685
0.756327 0.433227 0.500354
0.440512 0.367264 0.929031
0.813385 0.754059 0.041934
0.315311 0.280084 0.696394
0.367337 0.168868 0.271172
0.579676 0.456767 0.524020
0.748396 0.878000 0.016116
0.167255 0.118940 0.119868
0.935475 0.665685 0.140542
0.171100 0.287866 0.629940
0.314721 0.359769 0.781799
0.932864 0.836270 0.789715
0.782384 0.596053 0.682445
0.483425 0.219340 0.112311
0.013370 0.201871 0.105206
0.558674 0.631872 0.507248
0.463135 0.529305 0.038010
0.011495 0.189705 0.797862
0.689953 0.612740 0.499251
0.573413 0.128764 0.272339
0.828398 0.169926 0.583825
0.939396 0.896054 0.263656
0.054346 0.019425 0.705173
0.621147 0.861492 0.242357
0.379198 0.148096 0.016642
0.396412 0.163497 0.525562
0.992350 0.297520 0.390806
0.282927 0.207368 0.814373
0.003712 0.028948 0.590991
0.888939 0.696874 0.895487
0.283888 0.765914 0.018913
0.935781 0.922681 0.275742
0.578849 0.976123 0.524786
0.390607 0.844768 0.085404
0.677514 0.725117 0.599989
0.930388 0.480911 0.154373
0.037569 0.324390 0.092271
0.354078 0.299668 0.274014
0.695001 0.007553 0.342016
0.566489 0.559973 0.234864
0.662008 0.908479 0.540617
0.809352 0.756321 0.853933
0.940020 0.899208 0.558640
0.530355 0.197322 0.367414
0.467181 0.169047 0.943698
0.610354 0.932735 0.411501
0.765909 0.867603 0.065333
0.656047 0.405869 0.634190
0.998963 0.442168 0.520843
0.007127 0.585179 0.534314
0.765546 0.037607 0.947711
0.421745 0.107798 0.911952
0.273142 0.390425 0.790261
0.960046 0.868748 0.023599
0.830286 0.637693 0.416713
0.869492 0.277163 0.333235
0.119648 0.800827 0.258980
0.769225 0.177762 0.310478
0.942994 0.554889 0.729845
0.370590 0.729933 0.717660
0.480717 0.537395 0.514495
0.025400 0.018165 0.131528
0.447993 0.784555 0.879611
0.363349 0.407451 0.860862
0.407480 0.945552 0.133226
0.597412 0.727809 0.144354
0.910870 0.720506 0.966681
0.539388 0.239703 0.289266
0.794508 0.146872 0.154929
0.294830 0.165556 0.042053
0.020910 0.983705 0.497690
0.794207 0.539184 0.392537
0.800902 0.676430 0.193203
0.384474 0.135420 0.724127
0.871668 0.158206 0.612107
0.831362 0.204215 0.706844
0.094964 0.814132 0.487995
0.799418 0.206048 0.294996
0.000057 0.205187 0.016374
0.812108 0.602667 0.840370
0.451050 0.904055 0.913503
0.981620 0.125638 0.795244
0.761294 0.289058 0.908476
0.973874 0.826791 0.304117
0.894322 0.489569 0.857075
0.798981 0.506915 0.936389
0.202535 0.553060 0.258194
0.699677 0.222560 0.960231
0.739553 0.656284 0.684445
0.083626 0.123386 0.056172
0.596258 0.407438 0.012168
0.075700 0.019570 0.544630
0.300559 0.611230 0.688621
0.687299 0.726545 0.664374
0.422890 0.655465 0.998702
0.166153 0.814011 0.101035
0.838932 0.620455 0.432081
0.056687 0.454643 0.942266
0.321328 0.761565 0.781684
0.756778 0.964120 0.211747
0.638501 0.330913 0.001016
0.865984 0.639727 0.585853
0.885802 0.494805 0.844631
0.606421 0.524686 0.892503
0.715069 0.528239 0.994706
0.007273 0.258771 0.425989
0.081754 0.549963 0.699874
0.295264 0.594616 0.668598
0.723004 0.209278 0.098895
0.327511 0.109910 0.039215
0.292380 0.030531 0.147962
0.170630 0.956293 0.089895
0.979239 0.698882 0.631724
0.398285 0.734736 0.504429
0.589161 0.672891 0.562603
0.117766 0.156449 0.678379
0.986670 0.592771 0.175529
0.812021 0.885469 0.314435
0.019908 0.589182 0.716689
0.677565 0.595665 0.503072
0.222276 0.101876 0.186675
0.349560 0.634641 0.644574
0.772939 0.864398 0.077209
0.441236 0.861307 0.484430
0.992638 0.876715 0.218017
0.078564 0.288101 0.451678
0.588342 0.527754 0.939614
0.318764 0.338537 0.718554
0.255590 0.097145 0.881800
0.637311 0.745831 0.686542
0.303412 0.240074 0.966504
0.623930 0.805345 0.839957
0.509478 0.339238 0.161110
0.138939 0.774942 0.105631
0.167168 0.796422 0.348014
0.174130 0.001156 0.582015
0.733824 0.417565 0.762611
0.808156 0.784171 0.078179
0.979214 0.105599 0.125429
0.627768 0.148955 0.814166
0.152998 0.445979 0.789664
0.585576 0.202281 0.198134
0.543726 0.121135 0.323482
0.140908 0.034440 0.893875
0.922317 0.774500 0.354534
0.878719 0.887210 0.801275
0.220112 0.358733 0.931321
0.048273 0.189096 0.531599
0.997722 0.343235 0.653479
0.448634 0.099089 0.126652
0.007371 0.358858 0.297642
0.298476 0.880300 0.766801
0.802020 0.446392 0.777908
0.887939 0.278975 0.634027
0.199253 0.126889 0.850455
0.919001 0.334159 0.853800
0.052426 0.125023 0.799953
0.469653 0.470652 0.299254
0.619596 0.946025 0.491644
0.503835 0.331689 0.301732
0.617700 0.347819 0.897684
0.292048 0.564227 0.161876
0.616605 0.736219 0.195123
0.963665 0.167133 0.417436
0.031993 0.831514 0.308852
0.273012 0.017908 0.709514
0.918056 0.112144 0.922736
0.387275 0.765975 0.204497
0.361652 0.663112 0.624977
0.552389 0.690384 0.311955
0.578412 0.461675 0.051073
0.730321 0.655772 0.585344
0.610681 0.996566 0.962471
0.677427 0.295542 0.386857
0.535763 0.393305 0.923622
0.253555 0.065172 0.849693
0.379205 0.636209 0.106726
0.652538 0.600152 0.336810
0.821779 0.884960 0.252059
0.052023 0.123889 0.140918
0.980523 0.068060 0.867921
0.876457 0.676973 0.863983
0.588299 0.761455 0.259522
0.048243 0.312954 0.687009
0.663408 0.504348 0.822071
0.988224 0.900944 0.775119
0.282183 0.274986 0.420749
0.351150 0.092777 0.193612
0.056612 0.601599 0.626418
0.878702 0.445255 0.745642
0.187884 0.816972 0.305127
0.473461 0.618084 0.363447
0.047830 0.598710 0.484539
0.471184 0.963142 0.868682
0.426455 0.827999 0.936021
0.664833 0.228037 0.676573
0.720253 0.309384 0.287211
0.251781 0.040634 0.948255
0.676398 0.593716 0.841304
0.750002 0.393697 0.628203
0.722084 0.668079 0.331435
0.684528 0.656146 0.868723
0.238511 0.039152 0.767002
0.145164 0.884237 0.672018
0.166029 0.194492 0.458635
0.133086 0.563066 0.239123
0.053436 0.973717 0.223074
0.560021 0.401690 0.223055
0.933839 0.867996 0.037493
0.765325 0.885407 0.510602
0.647909 0.646126 0.608755
0.832083 0.502534 0.409513
0.060535 0.662840 0.170129
0.442237 0.099432 0.497970
0.287527 0.542030 0.789410
0.826198 0.485172 0.703409
0.481459 0.325255 0.712167
0.359197 0.655970 0.110182
0.021314 0.743900 0.425573
0.114061 0.763665 0.336964
0.010362 0.434379 0.822768
0.225768 0.749630 0.883392
0.104120 0.508735 0.212500
0.042184 0.854882 0.930557
0.188757 0.674282 0.316204
0.841670 0.427688 0.783917
0.369977 0.641514 0.861420
0.813052 0.270523 0.922685
0.431253 0.391780 0.997774
0.368856 0.841063 0.640145
0.273255 0.543532 0.706362
0.379449 0.163638 0.928965
0.330497 0.397281 0.865345
0.135138 0.576406 0.251927
0.191011 0.089810 0.945156
0.647362 0.470004 0.159731
0.551301 0.621955 0.234797
0.047235 0.172414 0.684825
0.016606 0.890120 0.135491
0.779906 0.559962 0.927660
0.905480 0.300711 0.820196
0.173411 0.609721 0.872999
0.475178 0.330658 0.552753
0.618487 0.340043 0.042321
0.179341 0.005997 0.992792
0.561634 0.555523 0.541500
0.350220 0.509470 0.510938
0.771976 0.720638 0.342226
0.578070 0.562702 0.653247
0.266471 0.137875 0.140379
0.712175 0.793308 0.311363
0.819712 0.541673 0.508369
0.923770 0.515004 0.506100
0.417832 0.074443 0.721069
0.633331 0.352490 0.321122
0.679300 0.025114 0.308917
0.521248 0.628058 0.034748
0.028163 0.603175 0.318620
0.966378 0.523581 0.708394
0.006340 0.020421 0.292317
0.697971 0.038275 0.052458
0.247318 0.956567 0.828315
0.928817 0.865435 0.769960
0.994107 0.365272 0.373460
0.110902 0.729984 0.330385
0.157568 0.332406 0.380870
0.595158 0.232449 0.668278
0.420433 0.841368 0.523417
0.512630 0.920060 0.356234
0.389557 0.296175 0.534109
0.096702 0.619745 0.923713
0.543242 0.461526 0.361273
0.027771 0.357695 0.522273
0.457654 0.813855 0.444053
0.306948 0.091827 0.585460
0.471718 0.962809 0.105437
0.970098 0.271152 0.927502
0.647492 0.194756 0.272313
0.070000 0.182948 0.711943
0.537744 0.683857 0.280615
0.217577 0.231173 0.003137
0.629764 0.415119 0.186162
0.994001 0.186800 0.141146
0.546373 0.234615 0.755863
0.235313 0.843597 0.055963
0.556292 0.888450 0.709728
0.360411 0.584528 0.511962
0.840905 0.590565 0.355197
0.630500 0.135346 0.567468
0.205835 0.610605 0.220499
0.139921 0.863923 0.380168
0.487687 0.637068 0.298812
0.423411 0.355608 0.866205
0.812491 0.400719 0.021020
0.217980 0.625168 0.371639
0.950805 0.354243 0.726225
0.257288 0.061236 0.258607
0.569609 0.047205 0.447111
0.880505 0.195450 0.416257
0.287893 0.615171 0.790749
0.341517 0.780416 0.281546
0.500971 0.819043 0.317844
0.099050 0.691947 0.171979
0.097004 0.985643 0.328392
0.986604 0.257854 0.486054
0.085223 0.378807 0.598183
0.398855 0.310746 0.805011
0.532710 0.932166 0.633407
0.934238 0.170041 0.634589
0.206001 0.266003 0.180179
0.557488 0.688805 0.636683
0.721969 0.691593 0.328729
0.884317 0.724134 0.136275
0.264503 0.755219 0.435057
0.683638 0.608114 0.697349
0.011290 0.076545 0.926304
0.026794 0.113788 0.111517
0.907547 0.244084 0.449027
0.942603 0.275439 0.660801
0.125900 0.104909 0.580131
0.231565 0.358334 0.883527
0.876938 0.182069 0.029264
0.583923 0.250561 0.504587
0.707898 0.507497 0.092901
0.495993 0.094503 0.032388
0.167112 0.436505 0.094286
0.134887 0.929908 0.067980
0.160305 0.845976 0.828921
0.288144 0.390953 0.593393
0.499672 0.494303 0.819564
0.737251 0.490256 0.812282
0.139707 0.968828 0.660593
0.875370 0.751550 0.727251
0.405590 0.002084 0.476845
0.070956 0.570452 0.836315
0.948691 0.483552 0.476893
0.644834 0.263807 0.982158
0.607008 0.951965 0.968574
0.659548 0.622043 0.097557
0.071730 0.801715 0.992744
0.257300 0.961998 0.334289
0.053374 0.554954 0.803920
0.608093 0.272536 0.861111
0.606237 0.351597 0.166845
0.798777 0.370953 0.816374
0.035968 0.100951 0.641704
0.946178 0.604511 0.359433
0.105152 0.013862 0.702712
0.652645 0.437154 0.070047
0.962123 0.468733 0.847457
0.790296 0.317591 0.794213
0.333333 0.221845 0.124692
0.884365 0.585058 0.634677
0.398473 0.521761 0.574600
0.190535 0.414107 0.592639
0.784717 0.125968 0.772997
0.187816 0.264997 0.022604
0.180719 0.032980 0.730725
0.408981 0.947884 0.967490
0.053678 0.576182 0.708191
0.474536 0.546698 0.280941
0.769788 0.433951 0.815015
0.436709 0.950329 0.334775
0.364122 0.049970 0.336551
0.896756 0.555091 0.740625
0.284300 0.032197 0.275297
0.312592 0.080779 0.683586
0.894315 0.014194 0.763996
0.069317 0.756613 0.100077
0.781885 0.114279 0.818547
0.229149 0.813719 0.460357
0.317385 0.580664 0.234940
0.007628 0.289793 0.649851
0.680493 0.803472 0.572239
0.870039 0.394052 0.104657
0.119107 0.749943 0.218348
0.605617 0.758846 0.103055
0.748270 0.866251 0.305973
0.233467 0.513069 0.628409
0.958000 0.860968 0.952639
0.329485 0.101539 0.530333
0.002207 0.956674 0.604178
0.704762 0.296490 0.016628
0.857639 0.521117 0.513315
0.951206 0.759643 0.612117
0.530141 0.128748 0.326262
0.627975 0.419505 0.016232
0.069887 0.416574 0.013119
0.876344 0.992157 0.333247
0.594067 0.616472 0.575982
0.267937 0.013681 0.436357
0.559112 0.840410 0.110805
0.407326 0.041601 0.626754
0.688872 0.554350 0.900038
0.169353 0.552112 0.470838
0.264890 0.678258 0.736994
0.116644 0.434747 0.861211
0.319764 0.169819 0.340471
0.327149 0.940570 0.598121
0.566016 0.884930 0.242517
0.258358 0.830579 0.145728
0.872726 0.645370 0.393012
0.867681 0.839286 0.210592
0.115420 0.674248 0.563697
0.929395 0.246045 0.340175
0.234506 0.069323 0.354722
0.702490 0.598970 0.293214
0.754019 0.596301 0.332707
0.589162 0.979574 0.641691
0.536791 0.765817 0.684686
0.018253 0.712702 0.072911
0.093469 0.655663 0.574305
0.670153 0.219056 0.323764
0.752265 0.832092 0.357822
0.530590 0.911304 0.394358
0.248551 0.808397 0.771637
0.814063 0.779190 0.113990
0.739433 0.535840 0.502489
0.578411 0.211444 0.792893
0.094405 0.995162 0.054998
0.519518 0.109322 0.034251
0.238754 0.774759 0.925373
0.248066 0.094466 0.768821
0.763527 0.217559 0.233199
0.745282 0.098701 0.230287
0.299228 0.205726 0.459965
0.897810 0.422117 0.660206
0.824674 0.613464 0.823485
0.179304 0.710366 0.536367
0.267328 0.814154 0.022493
0.758581 0.239084 0.326011
0.836863 0.476701 0.361580
0.714562 0.041482 0.272272
0.198660 0.557376 0.260954
0.100249 0.110730 0.191922
0.540797 0.040675 0.597826
0.124120 0.469298 0.638139
0.336560 0.678363 0.992853
0.916489 0.521552 0.234507
0.271977 0.026299 0.415698
0.879696 0.714551 0.539390
0.932995 0.677741 0.959463
0.010263 0.349180 0.946385
0.598295 0.919406 0.253267
0.197248 0.183342 0.038776
0.801530 0.070588 0.653664
0.611970 0.244515 0.508837
0.716534 0.864523 0.049096
0.403102 0.234491 0.945289
0.929119 0.531945 0.281440
0.118038 0.782386 0.130433
0.242127 0.411927 0.172796
0.411879 0.709565 0.072134
0.969955 0.674307 0.580962
0.980104 0.857084 0.326981
0.108719 0.367105 0.435295
0.898946 0.497612 0.011568
0.876303 0.841806 0.040214
0.798443 0.794294 0.273840
0.159439 0.925588 0.609536
0.786262 0.592312 0.171173
0.496679 0.077070 0.327010
0.252373 0.363745 0.833758
0.068790 0.621718 0.014938
0.360966 0.619432 0.247445
0.855925 0.462351 0.097029
0.738067 0.970855 0.879671
0.750119 0.679623 0.594200
0.089841 0.167060 0.528545
0.440622 0.996360 0.016897
0.017140 0.657427 0.137042
0.118231 0.809745 0.483274
0.983257 0.236311 0.663054
0.011390 0.006676 0.537513
0.934300 0.358605 0.363921
0.260412 0.204757 0.869607
0.004316 0.754625 0.311448
0.309651 0.541089 0.444803
0.398303 0.955348 0.445119
0.852721 0.887351 0.985503
0.148647 0.529644 0.835613
0.309148 0.903991 0.984500
0.929543 0.119593 0.028579
0.034613 0.930158 0.924703
0.790646 0.735903 0.375596
0.239975 0.559132 0.556558
0.811994 0.478251 0.000559
0.730905 0.529814 0.124948
0.136139 0.828220 0.687578
0.912819 0.882615 0.417248
0.533942 0.897056 0.029676
0.053917 0.974973 0.792002
0.321268 0.192715 0.719245
0.623901 0.574993 0.985547
0.486264 0.244389 0.357430
0.839714 0.454740 0.820840
0.746717 0.392984 0.970740
0.406793 0.674203 0.476996
0.480963 0.402098 0.816965
0.476449 0.999914 0.532527
0.730485 0.859769 0.090457
0.018324 0.214423 0.246845
0.646572 0.972764 0.347925
0.663141 0.122252 0.433757
0.023296 0.546910 0.741199
0.648057 0.223752 0.324276
0.744844 0.411458 0.813278
0.608029 0.684363 0.232331
0.502573 0.034202 0.126759
0.610714 0.892143 0.184653
0.859619 0.796434 0.381944
0.569890 0.451453 0.973952
0.179200 0.459040 0.469560
0.225488 0.513537 0.790650
0.519251 0.964699 0.625123
0.540892 0.218431 0.550204
0.789192 0.822135 0.517936
0.644967 0.374428 0.509355
0.299191 0.745341 0.852496
0.370233 0.238429 0.777424
0.715547 0.753588 0.737709
0.267866 0.554474 0.006028
0.650118 0.673044 0.547694
0.128965 0.541617 0.669123
0.942753 0.439855 0.398376
0.771089 0.222083 0.780743
0.922981 0.270490 0.319326
0.966063 0.327749 0.986515
0.757911 0.199720 0.998968
0.387186 0.656045 0.419022
0.817772 0.695305 0.828902
0.361314 0.242230 0.933736
0.004708 0.134197 0.753609
0.829948 0.066229 0.888413
0.858628 0.992352 0.059719
0.473954 0.566835 0.835816
0.721885 0.407971 0.338126
0.376609 0.020458 0.764755
0.995257 0.629686 0.293748
0.823757 0.795832 0.507028
0.475878 0.303872 0.142981
0.771293 0.180853 0.718299
0.093092 0.298980 0.618272
0.708398 0.477546 0.316074
0.323606 0.054416 0.360297
0.405230 0.924754 0.284302
0.542503 0.789633 0.741813
0.407826 0.093854 0.226495
0.607588 0.038840 0.744567
0.953035 0.335643 0.255222
0.562195 0.814338 0.116541
0.574769 0.154719 0.599624
0.670757 0.690518 0.780575
0.731975 0.677012 0.369429
0.322583 0.447721 0.832497
0.435517 0.008986 0.741851
0.138878 0.230462 0.348568
0.551450 0.549473 0.277875
0.666281 0.074503 0.802049
0.357514 0.755034 0.736286
0.639597 0.312086 0.334653
0.610432 0.703332 0.679436
0.223917 0.358714 0.032058
0.457867 0.496499 0.591954
0.252448 0.014164 0.078746
0.179263 0.680402 0.611527
0.940687 0.839565 0.520362
0.169785 0.780887 0.624964
0.423493 0.826150 0.901518
0.633488 0.024391 0.663677
0.491268 0.444111 0.209405
0.525590 0.276451 0.916301
0.428385 0.869404 0.149321
0.997937 0.005384 0.035655
0.416875 0.130347 0.287703
0.499921 0.059972 0.805213
0.707731 0.891120 0.728048
0.362620 0.859747 0.413617
0.022793 0.724789 0.465644
0.482944 0.626543 0.832481
0.347185 0.001865 0.345941
0.224152 0.618906 0.908731
0.581411 0.266482 0.947584
0.717128 0.447093 0.653558
0.881709 0.627855 0.443699
0.309421 0.883631 0.761441
0.575624 0.386509 0.615262
0.550455 0.004727 0.636497
0.477458 0.854929 0.530304
0.896143 0.238814 0.708277
0.373067 0.313099 0.846584
0.096943 0.292911 0.566931
0.428252 0.421409 0.228057
0.297019 0.057995 0.889901
0.266353 0.078715 0.863300
0.993492 0.914406 0.245338
0.549521 0.139824 0.516866
0.968450 0.547124 0.511918
0.750359 0.644465 0.387408
0.174047 0.817254 0.834219
0.370847 0.606856 0.336908
0.293854 0.733840 0.841054
0.305665 0.528992 0.917816
0.599688 0.147028 0.029901
0.192683 0.888348 0.476693
0.540772 0.223337 0.743217
0.104445 0.888128 0.060326
0.479846 0.202359 0.606069
0.299916 0.932150 0.940255
0.308946 0.236979 0.716153
0.211386 0.342524 0.544201
0.004937 0.356532 0.388847
0.343540 0.626011 0.916103
0.952559 0.858180 0.196335
0.215091 0.060487 0.944006
0.345186 0.027972 0.780025
0.993622 0.528449 0.526839
0.728211 0.137112 0.791723
0.902045 0.270991 0.827528
0.936519 0.164975 0.884983
0.226505 0.978364 0.150150
0.890671 0.023907 0.246227
0.085667 0.347578 0.365518
0.594416 0.257996 0.645407
0.407131 0.644118 0.687257
0.569560 0.994804 0.885089
0.239660 0.176519 0.153997
0.243630 0.031014 0.824911
0.614518 0.518964 0.480262
0.990082 0.392956 0.709022
0.279121 0.167969 0.403873
0.002754 0.086600 0.085727
0.948257 0.658903 0.262980
0.752172 0.662257 0.554200
0.891607 0.747674 0.228747
0.792299 0.355808 0.482894
0.508321 0.500075 0.962294
0.727010 0.386494 0.185495
0.680869 0.029380 0.711297
0.586906 0.306591 0.754306
0.067027 0.488054 0.308864
0.602742 0.267484 0.104727
0.177187 0.870492 0.861306
0.688108 0.360207 0.163087
0.745913 0.672485 0.962020
0.218399 0.553647 0.933861
0.805223 0.568022 0.576897
0.949939 0.961261 0.506867
0.259610 0.794976 0.941863
0.645778 0.356853 0.523671
0.792505 0.748342 0.041801
0.748203 0.631782 0.755798
0.867329 0.734025 0.630116
0.544887 0.547230 0.231052
0.368982 0.486538 0.868011
0.269115 0.253294 0.714563
0.061970 0.901973 0.208674
0.887265 0.587744 0.191739
0.895378 0.206224 0.383000
0.477538 0.672978 0.047751
0.601414 0.672542 0.551426
0.780977 0.916789 0.331256
0.896359 0.793127 0.327108
0.801504 0.512326 0.407831
0.560268 0.613240 0.540112
0.327962 0.034836 0.195694
0.228347 0.741987 0.335426
0.671511 0.998962 0.181754
0.843806 0.194853 0.645608
0.856865 0.528217 0.483739
0.501508 0.562064 0.255594
0.575879 0.415547 0.643046
0.894214 0.622408 0.283487
0.814709 0.483822 0.715877
0.525971 0.658258 0.116801
0.609744 0.833600 0.810635
0.647917 0.032916 0.741319
0.202408 0.506841 0.688869
0.276193 0.173395 0.557856
0.531579 0.932671 0.407009
0.435686 0.799587 0.317576
0.710349 0.501787 0.061663
0.108134 0.029803 0.566960
0.586411 0.576499 0.588825
0.069115 0.212836 0.816600
0.779598 0.782190 0.312557
0.416599 0.468056 0.591366
0.544862 0.699611 0.919772
0.764704 0.680765 0.423477
0.891020 0.004357 0.538891
0.048656 0.163539 0.418839
0.926402 0.791103 0.191917
0.776640 0.631358 0.881565
0.629354 0.112937 0.975369
0.748817 0.209410 0.776758
0.069510 0.073875 0.815247
0.475424 0.102877 0.050876
0.734304 0.364515 0.782614
0.393985 0.705732 0.638918
0.435591 0.690815 0.317396
0.537327 0.343169 0.790995
0.464305 0.696946 0.547590
0.751322 0.347087 0.260476
0.047363 0.160132 0.906433
0.521060 0.738858 0.261976
0.444076 0.092706 0.057888
0.756037 0.946837 0.550291
0.754380 0.813860 0.397859
0.587858 0.491344 0.467953
0.188027 0.727323 0.132169
0.949800 0.127869 0.345361
0.097986 0.584402 0.496419
0.534438 0.962577 0.531740
0.620530 0.424689 0.019044
0.716649 0.676779 0.028777
0.723225 0.057027 0.170792
0.529029 0.656258 0.088742
0.977386 0.901893 0.787433
0.644769 0.149669 0.003142
0.115410 0.320877 0.360547
0.490501 0.156747 0.496329
0.673707 0.555574 0.328439
0.207776 0.592263 0.612074
0.727534 0.015822 0.604155
0.838731 0.973224 0.984151
0.998915 0.545259 0.361858
0.427937 0.920198 0.099753
0.547836 0.091104 0.287437
0.604604 0.783446 0.623987
0.632544 0.920527 0.705379
0.801550 0.154045 0.836825
0.356628 0.482607 0.637008
0.504204 0.922442 0.526021
0.434442 0.143955 0.928685
0.702844 0.834667 0.324971
0.328070 0.352705 0.880899
0.200371 0.068536 0.108072
0.211288 0.974244 0.374682
0.882433 0.907876 0.152603
0.526339 0.942975 0.048858
0.667639 0.704912 0.709379
0.640922 0.572937 0.771665
0.212260 0.285180 0.580605
0.447943 0.810628 0.799213
0.456844 0.522470 0.076122
0.767881 0.843411 0.467078
0.994609 0.798224 0.523108
0.826559 0.046897 0.794982
0.487579 0.567249 0.227174
0.241326 0.564749 0.802650
0.192746 0.917645 0.221351
0.065738 0.388507 0.205490
0.379699 0.429771 0.773132
0.229565 0.503669 0.557719
0.526848 0.500534 0.543587
0.911651 0.671021 0.321608
0.928029 0.271406 0.600837
0.669946 0.143440 0.624726
0.712603 0.522540 0.579969
0.677556 0.009576 0.925619
0.986594 0.223007 0.415794
0.178833 0.102345 0.994307
0.895552 0.808946 0.941319
0.945610 0.517541 0.652739
0.700331 0.612332 0.002359
0.833949 0.181071 0.041625
0.513282 0.639731 0.061548
0.624749 0.843800 0.315524
0.469496 0.055578 0.235984
0.656554 0.654080 0.748700
0.068699 0.232454 0.271428
0.072095 0.961232 0.710626
0.645737 0.439809 0.857481
0.706926 0.111260 0.331159
0.904407 0.672404 0.180102
0.168697 0.157023 0.265745
0.481458 0.017535 0.538006
0.420324 0.600448 0.274540
0.634083 0.190730 0.769571
0.296813 0.517693 0.447562
0.157874 0.998795 0.137171
0.978223 0.900593 0.720277
0.305317 0.801124 0.966533
0.299920 0.892546 0.339389
0.171729 0.920500 0.467339
0.941960 0.928654 0.477960
0.368946 0.864604 0.927482
0.871428 0.859264 0.415860
0.313539 0.958427 0.721300
0.553153 0.882321 0.400764
0.857665 0.339102 0.460961
0.885095 0.054239 0.843629
0.367033 0.973483 0.454168
0.054293 0.452353 0.065109
0.974465 0.475920 0.976251
0.170681 0.748309 0.247667
0.996205 0.558153 0.378747
0.541618 0.019064 0.149294
0.858415 0.583514 0.749869
0.579824 0.471742 0.286561
0.146490 0.564890 0.849986
0.085455 0.225548 0.849625
0.536384 0.680833 0.832781
0.889831 0.226291 0.582791
0.830156 0.062743 0.852684
0.035707 0.602697 0.889192
0.269876 0.112577 0.893117
0.210437 0.715761 0.970900
0.610521 0.773524 0.551100
0.809000 0.716862 0.850011
0.435019 0.002621 0.200132
0.907527 0.782699 0.445215
0.219428 0.676232 0.308639
0.400895 0.135275 0.464968
0.824853 0.616275 0.331091
0.074575 0.107519 0.742804
0.767223 0.065501 0.674888
0.880217 0.138059 0.605801
0.052276 0.120488 0.259007
0.209345 0.073034 0.304850
0.832814 0.291848 0.100507
0.604744 0.141234 0.281097
0.948322 0.765583 0.352552
0.482993 0.784779 0.682697
0.426977 0.024828 0.660614
0.612714 0.116105 0.220177
0.890529 0.620776 0.910136
0.823916 0.047328 0.366015
0.450298 0.308793 0.797832
0.433281 0.913018 0.365817
0.461642 0.984939 0.885518
0.447723 0.101020 0.690886
0.507032 0.320797 0.055748
0.858762 0.779862 0.867203
0.019964 0.573800 0.937804
0.712781 0.220655 0.108697
0.213478 0.678949 0.101336
0.050486 0.876009 0.461159
0.933346 0.845165 0.923343
0.662340 0.382292 0.724847
0.435330 0.073017 0.496743
0.318643 0.981618 0.061574
0.116755 0.009778 0.690781
0.181209 0.476728 0.878450
0.603387 0.999778 0.033304
0.421832 0.960987 0.807548
0.735530 0.722623 0.646448
0.341592 0.003142 0.906618
0.505957 0.357577 0.307372
0.900427 0.513786 0.184758
0.516430 0.843380 0.695383
0.326894 0.020502 0.643137
0.909987 0.590689 0.960890
0.950838 0.937042 0.704530
0.825495 0.252522 0.832891
0.741312 0.128189 0.495316
0.079777 0.391319 0.186422
0.833095 0.763516 0.208266
0.734432 0.620513 0.720699
0.562563 0.907530 0.467890
0.779494 0.479540 0.434526
0.309353 0.718944 0.459127
0.298022 0.809148 0.213469
0.525505 0.635133 0.071993
0.033176 0.382817 0.225634
0.353750 0.766234 0.789834
0.863498 0.994659 0.862712
0.220602 0.428241 0.998876
0.136133 0.691584 0.887941
0.847378 0.150035 0.552290
0.441033 0.041260 0.660984
0.423736 0.686494 0.877806
0.232436 0.095295 0.077043
0.520531 0.901430 0.952837
0.971887 0.277014 0.977552
0.764216 0.329357 0.691629
0.814146 0.516575 0.918770
0.648563 0.468414 0.885922
0.936681 0.831519 0.078219
0.983209 0.804194 0.382151
0.556504 0.028644 0.901651
0.820318 0.962713 0.995784
0.954931 0.507521 0.521813
0.433669 0.090302 0.322271
0.370999 0.741871 0.328369
0.967961 0.741295 0.875136
0.939791 0.089262 0.786118
0.449527 0.360252 0.077854
0.043355 0.138069 0.946776
0.113082 0.825783 0.745410
0.334233 0.849426 0.834464
0.517335 0.058819 0.237774
0.528108 0.878765 0.665590
0.509164 0.901072 0.382468
0.953477 0.439650 0.839316
0.536065 0.527394 0.402666
0.712857 0.980094 0.105548
0.952860 0.411272 0.150584
0.132835 0.968278 0.507879
0.994380 0.475567 0.628324
0.437513 0.107491 0.431761
0.366624 0.160689 0.164502
0.274924 0.176117 0.884890
0.711656 0.814153 0.758679
0.764918 0.450879 0.252685
0.872912 0.699979 0.111366
0.066981 0.359278 0.128044
0.203601 0.783764 0.674612
0.921968 0.808794 0.543685
0.247726 0.785845 0.962811
0.403543 0.649313 0.547500
0.808727 0.333389 0.823343
0.194360 0.023011 0.633861
0.457135 0.119102 0.023798
0.914565 0.314212 0.784310
0.524326 0.225940 0.745488
0.096925 0.846986 0.594570
0.396595 0.119532 0.977026
0.679298 0.181322 0.394791
0.832026 0.719361 0.233712
0.963146 0.141392 0.932493
0.698623 0.708213 0.333641
0.892981 0.587743 0.738269
0.964097 0.376302 0.651037
0.683368 0.291646 0.209424
0.137654 0.401788 0.051180
0.668587 0.331756 0.423820
0.472878 0.579690 0.935103
0.210947 0.430661 0.410754
0.949126 0.469335 0.895245
0.283095 0.037786 0.431614
0.967722 0.233081 0.411938
0.241787 0.533272 0.968957
0.699594 0.571125 0.487298
0.517577 0.593314 0.920786
0.765274 0.132076 0.858887
0.792693 0.248901 0.951940
0.306090 0.746171 0.639017
0.091346 0.347567 0.396486
0.261366 0.583275 0.145742
0.632217 0.482066 0.506487
0.797942 0.764424 0.304480
0.245128 0.195062 0.229296
0.504179 0.820220 0.837902
0.876477 0.639095 0.232807
0.697030 0.639988 0.657839
0.772498 0.519040 0.248312
0.259676 0.309173 0.593423
0.283171 0.470543 0.901123
0.535139 0.517198 0.275483
0.251536 0.656294 0.167206
0.476590 0.100032 0.953948
0.746813 0.729369 0.262808
0.642315 0.437953 0.848933
0.630668 0.091369 0.088919
0.086922 0.775348 0.182714
0.026755 0.464976 0.003834
0.325620 0.642578 0.916297
0.431735 0.747068 0.854612
0.809859 0.248122 0.564211
0.300184 0.036716 0.243376
0.245244 0.084678 0.245129
0.500363 0.084153 0.976020
0.500779 0.057542 0.817820
0.188350 0.618824 0.358983
0.213729 0.513324 0.424230
0.843333 0.187784 0.967417
0.862905 0.232431 0.697801
0.663928 0.890625 0.905287
0.738594 0.585861 0.137410
0.027461 0.833515 0.275678
0.643565 0.172697 0.561866
0.753754 0.492699 0.683481
0.342874 0.264844 0.077761
0.455550 0.575433 0.350318
0.148966 0.165534 0.999708
0.601775 0.952284 0.042155
0.340517 0.770929 0.291987
0.582868 0.349442 0.559848
0.193698 0.355295 0.299211
0.776646 0.256478 0.107098
0.694793 0.788585 0.167224
0.071210 0.541579 0.495545
0.373886 0.031514 0.716052
0.389553 0.079474 0.868596
0.078410 0.545552 0.605480
0.575340 0.362865 0.330443
0.564883 0.329060 0.310730
0.106659 0.027156 0.274364
0.478694 0.190480 0.621814
0.189310 0.101902 0.335387
0.693218 0.627508 0.230214
0.053464 0.007229 0.347711
0.793459 0.896774 0.002695
0.864011 0.068067 0.096869
0.470338 0.980595 0.969394
0.752631 0.396922 0.541640
0.424544 0.893474 0.354618
0.557324 0.153219 0.144349
0.976261 0.516650 0.858216
0.399475 0.938662 0.452508
0.749977 0.819001 0.761767
0.839824 0.081955 0.083690
0.517034 0.038560 0.788309
0.167855 0.748843 0.280149
0.650184 0.830475 0.190959
0.519351 0.226201 0.892981
0.225921 0.886889 0.464507
0.746190 0.073721 0.674962
0.706158 0.711169 0.557182
0.758228 0.756866 0.592136
0.103575 0.584634 0.596266
0.234318 0.421406 0.179510
0.299456 0.299617 0.822840
0.232372 0.055417 0.914617
0.361774 0.861350 0.681689
0.924468 0.788084 0.380836
0.002661 0.336070 0.892655
0.503534 0.715701 0.267821
0.836312 0.023206 0.616841
0.961613 0.168870 0.324943
0.160634 0.926535 0.366188
0.867719 0.357238 0.899215
0.778765 0.910203 0.697494
0.052144 0.611157 0.911178
0.163121 0.936861 0.659106
0.448045 0.196721 0.169711
0.439518 0.343971 0.153787
0.552152 0.637225 0.973122
0.598616 0.979477 0.859238
0.469070 0.025049 0.615398
0.268486 0.731238 0.254443
0.582058 0.545758 0.898716
0.224617 0.194133 0.909053
0.223022 0.173756 0.764785
0.035858 0.180789 0.382118
0.020819 0.154129 0.862754
0.276619 0.176511 0.446350
0.935705 0.889144 0.106232
0.442564 0.248935 0.146356
0.227595 0.668167 0.741417
0.263876 0.188135 0.730823
0.064833 0.877380 0.230256
0.088591 0.828741 0.504723
0.435696 0.815566 0.838486
0.178533 0.329348 0.428292
0.582070 0.803206 0.857031
0.178850 0.141455 0.137757
0.459451 0.502314 0.488224
0.692844 0.265735 0.975108
0.518295 0.569890 0.353145
0.397031 0.939198 0.072601
0.848752 0.713332 0.010588
0.274153 0.902086 0.068482
0.644369 0.515580 0.792010
0.352499 0.768531 0.206425
0.366174 0.138972 0.959143
0.445741 0.759339 0.507798
0.627373 0.886220 0.594108
0.587042 0.205073 0.374929
0.087844 0.730155 0.737744
0.046365 0.668341 0.349907
0.530041 0.597325 0.352462
0.744936 0.291268 0.765022
0.798268 0.063559 0.023855
0.291308 0.306994 0.648181
0.034915 0.081705 0.519358
0.089174 0.257423 0.618703
0.381439 0.233194 0.534331
0.287497 0.223589 0.321270
0.471054 0.963957 0.244707
0.275996 0.647749 0.888251
0.417967 0.905418 0.876919
0.415569 0.316729 0.671484
0.928209 0.694596 0.684885
0.603660 0.688340 0.865868
0.311045 0.386239 0.015867
0.639526 0.724987 0.166800
0.389109 0.799866 0.077339
0.375951 0.195424 0.199541
0.903918 0.279706 0.359431
0.184021 0.285686 0.911389
0.165246 0.269561 0.392586
0.379909 0.424398 0.736830
0.201492 0.531562 0.923848
0.219307 0.785066 0.858390
0.700892 0.469308 0.870482
0.479891 0.328276 0.062336
0.348871 0.966282 0.290683
0.667118 0.832990 0.291699
0.564801 0.182331 0.801458
0.953433 0.168554 0.098640
0.408294 0.728120 0.205362
0.465269 0.358919 0.432780
0.104063 0.483787 0.597470
0.282784 0.086882 0.326731
0.844385 0.732616 0.535950
0.344084 0.244276 0.984605
0.389668 0.135235 0.990475
0.755340 0.569772 0.581596
0.936644 0.322285 0.901132
0.095391 0.645846 0.584124
0.384897 0.131496 0.610244
0.563752 0.853996 0.288620
0.377781 0.004426 0.323523
0.914717 0.204082 0.294047
0.730135 0.343839 0.617486
0.898858 0.424447 0.753254
0.206093 0.764312 0.272222
0.183068 0.233534 0.167968
0.172862 0.459878 0.530336
0.255228 0.256811 0.954962
0.106393 0.522644 0.213223
0.129439 0.088920 0.770889
0.790124 0.079836 0.974144
0.664932 0.872547 0.056572
0.135627 0.077621 0.664785
0.939647 0.674813 0.646978
0.409924 0.780423 0.050703
0.401995 0.009149 0.431937
0.640316 0.142519 0.722276
0.433191 0.873165 0.725780
0.357408 0.339351 0.108091
0.583516 0.456327 0.831347
0.356642 0.126103 0.041345
0.643630 0.127934 0.028665
0.067637 0.190981 0.336979
0.784845 0.677695 0.657473
0.366945 0.084491 0.119755
0.606594 0.258910 0.138279
0.252273 0.185952 0.042160
0.889709 0.490551 0.786292
0.597786 0.890020 0.685419
0.656372 0.145808 0.467301
0.796421 0.230153 0.747713
0.576976 0.986349 0.056072
0.814576 0.819806 0.724782
0.852157 0.215089 0.000324
0.891367 0.173922 0.746253
0.060247 0.021591 0.392998
0.353831 0.326349 0.105622
0.908575 0.493739 0.555476
0.429936 0.420844 0.857127
0.413235 0.957320 0.469106
0.460823 0.403043 0.168942
0.607168 0.178193 0.500620
0.893603 0.009914 0.178593
0.769463 0.271879 0.958258
0.000858 0.889134 0.572748
0.874726 0.293022 0.472343
0.555491 0.344912 0.167570
0.476296 0.652141 0.540930
0.330024 0.225181 0.950220
0.203581 0.214239 0.320166
0.087312 0.263142 0.136530
0.952309 0.887111 0.583722
0.066407 0.652859 0.412104
0.824182 0.653916 0.170157
0.229149 0.413599 0.918109
0.197048 0.321444 0.484826
0.789792 0.886148 0.526492
0.880186 0.147086 0.658289
0.718231 0.785461 0.764184
0.350951 0.206894 0.360862
0.452712 0.302902 0.655151
0.072919 0.935367 0.123413
0.245932 0.654264 0.121223
0.020244 0.229618 0.667693
0.073719 0.772040 0.023563
0.219839 0.679514 0.240762
0.185527 0.801763 0.681842
0.835447 0.364530 0.893661
0.003389 0.541284 0.588207
0.677476 0.964898 0.020526
0.440605 0.612094 0.902808
0.491997 0.618663 0.763277
0.772445 0.105420 0.063480
0.327620 0.893352 0.473127
0.885774 0.896115 0.746920
0.488907 0.250826 0.129316
0.209318 0.689128 0.228114
0.890540 0.848145 0.126163
0.448673 0.572461 0.910002
0.372471 0.682450 0.621480
0.417704 0.301857 0.390171
0.630679 0.263359 0.943778
0.973643 0.462492 0.767206
0.465739 0.036686 0.199282
0.582568 0.366709 0.482084
0.905764 0.127510 0.155072
0.770316 0.234171 0.749297
0.663996 0.267988 0.115087
0.209754 0.948681 0.273116
0.986470 0.739113 0.765227
0.343435 0.499016 0.911504
0.210843 0.217456 0.108885
0.918511 0.939387 0.993553
0.937470 0.709937 0.043692
0.849214 0.312156 0.508201
0.197765 0.984333 0.389087
0.682070 0.917314 0.629416
0.911809 0.394947 0.100130
0.778918 0.588029 0.551171
0.833743 0.629356 0.862764
0.092709 0.964329 0.313653
0.722831 0.041293 0.413704
0.117734 0.667923 0.092671
0.026559 0.977275 0.543263
0.546742 0.282752 0.463407
0.113509 0.256364 0.522439
0.415627 0.471201 0.630251
0.016460 0.228782 0.394495
0.675614 0.147314 0.557029
0.215313 0.957520 0.854997
0.636357 0.040411 0.498041
0.433787 0.448790 0.422585
0.679570 0.945465 0.793060
0.257544 0.910934 0.076256
0.959612 0.575183 0.490431
0.523801 0.936513 0.290023
0.058126 0.149712 0.424325
0.148132 0.588094 0.962328
0.647651 0.299402 0.136661
0.440266 0.595577 0.313634
0.315217 0.030919 0.260990
0.495308 0.086504 0.860245
0.902379 0.422525 0.220791
0.742219 0.788875 0.215537
0.778527 0.510868 0.961483
0.588003 0.362849 0.579392
0.053264 0.392135 0.740174
0.259977 0.154675 0.167475
0.238576 0.462176 0.377666
0.729035 0.433967 0.375211
0.756423 0.207185 0.671659
0.645997 0.240294 0.293080
0.423705 0.873068 0.453578
0.558307 0.201578 0.318109
0.875710 0.034620 0.541492
0.422716 0.074053 0.837577
0.376767 0.930031 0.214134
0.391559 0.575992 0.920077
0.301235 0.819717 0.085573
0.459181 0.383046 0.394500
0.236052 0.091322 0.507714
0.897779 0.869027 0.263533
0.258934 0.860458 0.698363
0.517063 0.271782 0.868410
0.241713 0.973487 0.098708
0.370672 0.127765 0.508838
0.860566 0.757921 0.676239
0.377317 0.576368 0.914797
0.576248 0.837066 0.047218
0.888659 0.576416 0.005041
0.796217 0.872936 0.423591
0.809040 0.780891 0.365037
0.215400 0.964413 0.811320
0.384050 0.848265 0.594367
0.120013 0.310854 0.365966
0.426853 0.107301 0.305871
0.944468 0.809510 0.737489
0.281842 0.897861 0.128575
0.783656 0.261919 0.498622
0.732139 0.847827 0.027957
0.267118 0.039422 0.019429
0.370966 0.837344 0.669247
0.409799 0.324754 0.513191
0.164975 0.141640 0.956790
0.812687 0.736472 0.209908
0.247750 0.519553 0.645208
0.803059 0.785007 0.520522
0.154984 0.728808 0.581510
0.382730 0.380887 0.566408
0.316338 0.171175 0.875820
0.567309 0.276148 0.518169
0.873324 0.372134 0.433305
0.428297 0.108233 0.865391
0.530328 0.048525 0.065373
0.926021 0.392012 0.637548
0.634430 0.118291 0.115031
0.185480 0.487922 0.683903
0.180485 0.210672 0.513831
