0.983625 0.950624 0.304999
0.720456 0.723218 0.083679
0.918481 0.628188 0.710534
0.090313 0.960517 0.160687
0.386054 0.034671 0.140707
0.629662 0.493096 0.227250
0.607572 0.758126 0.671867
0.519021 0.840175 0.364454
0.114148 0.625826 0.266654
0.334961 0.687522 0.239040
0.532421 0.917735 0.815739
0.527760 0.510242 0.007424
0.682134 0.944341 0.122013
0.972855 0.003937 0.512309
0.254833 0.633205 0.616941
0.085117 0.888049 0.806940
0.232271 0.306826 0.092511
0.869124 0.044538 0.931475
0.461842 0.611211 0.208408
0.323560 0.727767 0.352086
