0.855228 0.815542 0.689484
0.051665 0.709308 0.218935
0.606226 0.365642 0.938752
0.586757 0.235882 0.431806
0.645605 0.199690 0.007956
0.493843 0.403653 0.509550
0.271998 0.660391 0.601101
0.491988 0.226592 0.284750
0.024714 0.030550 0.398218
0.996250 0.858575 0.177006
0.716644 0.453264 0.926362
0.188854 0.991663 0.128238
0.276941 0.744636 0.823093
0.857538 0.469864 0.636478
0.848739 0.721952 0.612266
0.421843 0.271515 0.291889
0.078797 0.664389 0.788081
0.230723 0.199128 0.642673
0.317248 0.233001 0.224166
0.629797 0.868533 0.651853
0.934638 0.592814 0.971337
0.085483 0.396076 0.963142
0.387152 0.298094 0.362206
0.208429 0.063873 0.153417
0.607803 0.824979 0.286467
0.889446 0.686005 0.490398
0.022973 0.880383 0.098991
0.619443 0.225149 0.958746
0.359387 0.582515 0.041426
0.210744 0.939732 0.841672
0.863093 0.989791 0.335458
0.262969 0.682982 0.294026
0.818401 0.255221 0.315329
0.520060 0.660383 0.478635
0.605253 0.963732 0.447360
0.205028 0.161889 0.018137
0.342000 0.761393 0.034402
0.830231 0.229713 0.452957
0.087219 0.566116 0.449561
0.455095 0.535385 0.979533
0.962011 0.036987 0.264478
0.912416 0.221626 0.048434
0.558661 0.576210 0.135464
0.324382 0.509086 0.240179
0.417139 0.806506 0.539213
0.982322 0.114951 0.922946
0.205014 0.754788 0.113726
0.268888 0.165129 0.715335
0.280362 0.882992 0.819463
0.821825 0.027419 0.518882
0.968904 0.006728 0.516512
0.789066 0.474190 0.977293
0.230255 0.257422 0.889154
0.433634 0.051067 0.973037
0.835967 0.740583 0.376557
0.543026 0.521779 0.040197
0.439420 0.256783 0.757385
0.036518 0.065679 0.229635
0.083242 0.346767 0.300707
0.108378 0.052091 0.216047
0.482384 0.724896 0.446432
0.043302 0.236150 0.973887
0.305202 0.762061 0.176108
0.386290 0.558851 0.898969
0.062729 0.183770 0.291457
0.887439 0.048813 0.820170
0.549566 0.705198 0.561054
0.235523 0.035442 0.701170
0.430632 0.212858 0.495677
0.473515 0.560578 0.178293
0.394989 0.925154 0.168421
0.705198 0.291173 0.595591
0.192112 0.988174 0.243955
0.148059 0.587352 0.675161
0.037960 0.078460 0.794111
0.045638 0.271178 0.111747
0.376873 0.384151 0.968470
0.638065 0.663775 0.041258
0.084404 0.133736 0.914846
0.712344 0.250683 0.629500
0.728068 0.851470 0.006603
0.899244 0.408832 0.963668
0.780242 0.793324 0.262547
0.712130 0.722541 0.288875
0.642351 0.998020 0.309860
0.659324 0.221863 0.589115
0.589861 0.711583 0.872784
0.060088 0.072795 0.279036
0.891998 0.560004 0.972823
0.366100 0.379148 0.297710
0.377001 0.257818 0.111734
0.007786 0.098459 0.630778
0.411940 0.731037 0.069233
0.200495 0.236845 0.494420
0.070404 0.690289 0.355877
0.074140 0.890577 0.149194
0.178117 0.717476 0.233671
0.816301 0.576860 0.733232
0.128980 0.205632 0.460862
0.760122 0.090274 0.836820
0.805992 0.461452 0.135959
0.897131 0.222180 0.237672
0.259152 0.795897 0.109037
0.191208 0.337566 0.912454
0.226264 0.518660 0.971307
0.503338 0.030266 0.384060
0.072532 0.360960 0.190121
0.517740 0.971319 0.619215
0.973873 0.131923 0.615637
0.444600 0.201180 0.885788
0.285653 0.384291 0.543461
0.501199 0.255675 0.076712
0.835290 0.329598 0.056101
0.223267 0.830195 0.546526
0.803172 0.461785 0.264730
0.724597 0.955786 0.078663
0.099010 0.499724 0.816829
0.167532 0.137992 0.159316
0.108375 0.232337 0.498857
0.164945 0.682730 0.731021
0.378758 0.343250 0.334397
0.327602 0.153471 0.317263
0.322703 0.064775 0.689003
0.937134 0.830678 0.273231
0.334130 0.254414 0.581532
0.457272 0.910089 0.404001
0.265015 0.301719 0.215804
0.710369 0.449772 0.688582
0.606759 0.082815 0.292165
0.319563 0.676749 0.415516
0.682187 0.714697 0.944667
0.610605 0.763560 0.417956
0.629153 0.696569 0.132003
0.693551 0.368137 0.708870
0.685824 0.174621 0.457419
0.839379 0.939317 0.809476
0.392497 0.435244 0.481108
0.322034 0.437987 0.892650
0.043142 0.277637 0.163749
0.502223 0.865416 0.274970
0.296400 0.465048 0.420355
0.395533 0.621079 0.301908
0.564628 0.411441 0.824213
0.886036 0.500657 0.747821
0.235022 0.499295 0.371750
0.074577 0.885937 0.643403
0.640739 0.869036 0.502757
0.669436 0.440713 0.219041
0.139442 0.359004 0.296681
0.840426 0.075034 0.642470
0.939279 0.607131 0.075408
0.321849 0.277455 0.077627
0.089102 0.839174 0.945296
0.901188 0.334373 0.856643
0.469938 0.509520 0.521122
0.353888 0.079202 0.929355
0.741071 0.299313 0.722385
0.297346 0.409518 0.071478
0.523901 0.028813 0.278592
0.052344 0.169282 0.340410
0.374022 0.378949 0.884046
0.545006 0.495288 0.902501
0.134984 0.321475 0.275612
0.391688 0.596522 0.781691
0.042359 0.722219 0.548717
0.849800 0.172093 0.466728
0.587453 0.689844 0.001723
0.208260 0.456744 0.519107
0.061043 0.010141 0.056808
0.243447 0.589823 0.079900
0.562075 0.429240 0.426171
0.326629 0.149621 0.399982
0.443967 0.994362 0.700306
0.217643 0.584293 0.466904
0.786558 0.918432 0.873516
0.547253 0.871981 0.875431
0.037372 0.691750 0.602191
0.812834 0.281916 0.511496
0.770259 0.658162 0.460956
0.917812 0.778370 0.451624
0.837282 0.435596 0.500005
0.160727 0.680658 0.597899
0.962064 0.565275 0.958241
0.001824 0.030231 0.306133
0.515309 0.073827 0.010002
0.142561 0.579613 0.113741
0.656896 0.413850 0.656186
0.518882 0.594229 0.244260
0.489308 0.836466 0.594375
0.747728 0.010273 0.966472
0.791975 0.121923 0.709048
0.031583 0.322407 0.801153
0.308879 0.744547 0.064058
0.006361 0.099459 0.128176
0.816540 0.504981 0.260352
0.648810 0.165739 0.547826
0.166081 0.159855 0.052413
0.953477 0.661190 0.424446
0.061371 0.312581 0.790606
0.665835 0.548267 0.090333
0.923488 0.262974 0.529023
0.464176 0.059548 0.720139
0.257585 0.789731 0.320165
0.193171 0.303466 0.486624
0.387695 0.516520 0.705306
0.267872 0.852804 0.371979
0.392605 0.755996 0.472966
0.335770 0.433615 0.389616
0.229513 0.333816 0.574233
0.820305 0.225052 0.907709
0.413949 0.021090 0.638744
0.588587 0.087719 0.004440
0.330693 0.998761 0.600930
0.873370 0.845620 0.895436
0.015152 0.861419 0.196383
0.589101 0.139166 0.663772
0.241478 0.493386 0.340693
0.302239 0.037065 0.922583
0.779245 0.391121 0.936930
0.874691 0.928901 0.395449
0.907359 0.434587 0.192677
0.599196 0.654527 0.435427
0.427290 0.379663 0.589986
0.298888 0.344559 0.234432
0.990579 0.176222 0.857602
0.360743 0.930507 0.153117
0.618483 0.759276 0.231532
0.636275 0.508454 0.007583
0.478520 0.496986 0.754859
0.081183 0.641241 0.944488
0.761373 0.842848 0.003174
0.348972 0.249302 0.075842
0.309828 0.497074 0.336311
0.533829 0.886582 0.850597
0.521428 0.006196 0.048391
0.220922 0.533870 0.310479
0.461975 0.007111 0.928172
0.595002 0.245091 0.895738
0.913741 0.957619 0.237157
0.274265 0.779792 0.546170
0.516003 0.104371 0.024744
0.484652 0.567042 0.129139
0.730423 0.816487 0.253542
0.461389 0.817121 0.501428
0.958429 0.690723 0.668432
0.658967 0.196852 0.081348
0.426985 0.783415 0.745977
0.988271 0.118665 0.999569
0.257298 0.311003 0.483165
0.058048 0.339009 0.838920
0.988156 0.888067 0.227033
0.260933 0.759407 0.671050
0.900837 0.044559 0.573457
0.523260 0.230451 0.005308
0.925662 0.905290 0.177623
0.944657 0.721987 0.535779
0.490644 0.361315 0.968099
0.114147 0.585417 0.772839
0.921946 0.410093 0.927359
0.305133 0.210432 0.381718
0.555548 0.380248 0.889260
0.433872 0.388963 0.841621
0.752203 0.911393 0.262969
0.792257 0.774821 0.557892
0.353999 0.722797 0.581975
0.289870 0.851318 0.774594
0.209094 0.692069 0.121963
0.316004 0.346297 0.850605
0.975805 0.880328 0.117962
0.056239 0.458096 0.794421
0.629042 0.416716 0.539907
0.161311 0.380701 0.140039
0.228934 0.462877 0.437300
0.673580 0.279746 0.429022
0.392890 0.882141 0.207970
0.755562 0.094961 0.828755
0.546762 0.461858 0.584710
0.460568 0.570621 0.110116
0.251169 0.787102 0.426530
0.861376 0.829147 0.617513
0.628990 0.698171 0.317521
0.229776 0.524795 0.968328
0.627987 0.126094 0.357612
0.365358 0.800047 0.319448
0.624403 0.267894 0.881407
0.183743 0.687510 0.807564
0.452943 0.411157 0.319722
0.912716 0.776740 0.430857
0.241808 0.968417 0.262573
0.052913 0.713508 0.821853
0.485006 0.592941 0.905176
0.715291 0.155154 0.475815
0.857693 0.340291 0.184296
0.909835 0.008598 0.262947
0.022860 0.868105 0.711778
0.189353 0.531323 0.545781
0.218565 0.937512 0.255835
0.048363 0.448289 0.561429
0.654606 0.680952 0.715733
0.379424 0.817585 0.718177
0.768876 0.921510 0.830879
0.884747 0.632841 0.158974
0.045802 0.343588 0.143734
0.108017 0.456285 0.457550
0.298517 0.741188 0.710626
0.596172 0.671141 0.571684
0.330944 0.245076 0.854440
0.901557 0.078781 0.997923
0.769099 0.004951 0.473022
0.954241 0.025552 0.605495
0.291614 0.216659 0.921182
0.049979 0.234562 0.692211
0.789689 0.773797 0.590053
0.872419 0.666713 0.347260
0.228468 0.995642 0.273213
0.383557 0.623348 0.701773
0.873223 0.747269 0.181372
0.164215 0.869348 0.360246
0.832435 0.610722 0.130721
0.601428 0.444603 0.674849
0.714139 0.120860 0.871274
0.548819 0.271354 0.151731
0.832689 0.324740 0.198687
0.281506 0.674975 0.612530
0.231450 0.580646 0.929871
0.592250 0.799005 0.442450
0.752573 0.850695 0.842711
0.197567 0.690646 0.988561
0.392073 0.471015 0.377790
0.147857 0.535326 0.001200
0.461037 0.354588 0.436825
0.865105 0.895424 0.122486
0.596669 0.370757 0.250872
0.142722 0.056607 0.448167
0.156718 0.159118 0.152653
0.336488 0.122410 0.836087
0.538156 0.018217 0.797155
0.521221 0.687492 0.654051
0.120699 0.251114 0.007901
0.562172 0.979185 0.441389
0.662963 0.037965 0.488889
0.021809 0.936533 0.452498
0.005809 0.230697 0.164348
0.678136 0.556168 0.584675
0.450418 0.761202 0.711361
0.115478 0.693608 0.095521
0.764108 0.039768 0.302433
0.438808 0.525202 0.146078
0.562468 0.246730 0.251161
0.359539 0.645665 0.134159
0.687480 0.415576 0.174372
0.782841 0.451122 0.850113
0.635415 0.671643 0.819884
0.404468 0.358613 0.071069
0.956632 0.865995 0.042773
0.500878 0.004333 0.494830
0.383183 0.474874 0.608751
0.244798 0.435177 0.985495
0.569990 0.257622 0.049911
0.618758 0.137348 0.056572
0.512674 0.507725 0.133878
0.023655 0.612559 0.584542
0.942804 0.281101 0.705503
0.688268 0.328624 0.014820
0.063674 0.693443 0.801944
0.002316 0.410519 0.815242
0.353888 0.938266 0.038683
0.611112 0.275793 0.107840
0.754109 0.274061 0.063730
0.622853 0.880467 0.296842
0.995030 0.243785 0.066434
0.930736 0.301705 0.087228
0.145485 0.399267 0.367368
0.309114 0.083858 0.989779
0.222816 0.593543 0.762672
0.786658 0.733103 0.468563
0.757788 0.916067 0.871074
0.369557 0.063623 0.285452
0.515214 0.578074 0.082428
0.930737 0.228078 0.429630
0.849753 0.392940 0.402306
0.194615 0.747051 0.652674
0.341619 0.216997 0.911985
0.247500 0.004749 0.340860
0.608019 0.704633 0.095637
0.864160 0.524900 0.087693
0.460589 0.682854 0.446344
0.761194 0.664950 0.674955
0.916001 0.909954 0.663734
0.577382 0.521379 0.754729
0.544673 0.448351 0.999249
0.686488 0.131929 0.334316
0.764020 0.259557 0.735781
0.093095 0.901881 0.628608
0.549429 0.046681 0.664058
0.629251 0.205611 0.102022
0.698450 0.887089 0.738418
0.533857 0.376005 0.729941
0.308031 0.940182 0.883457
0.037194 0.080943 0.134186
0.648922 0.042601 0.175510
0.995775 0.015617 0.704204
0.787188 0.353555 0.275913
0.738297 0.468433 0.184024
0.472686 0.883087 0.539327
0.648525 0.866244 0.588556
0.641040 0.534465 0.207970
0.905122 0.302993 0.279774
0.133288 0.117831 0.144836
0.263885 0.772650 0.224582
0.416452 0.912338 0.215582
0.504551 0.519314 0.724024
0.787403 0.983139 0.147969
0.056062 0.668227 0.255379
0.563699 0.200151 0.720746
0.410498 0.546664 0.847315
0.099058 0.037711 0.078981
0.938191 0.200849 0.788902
0.593794 0.760550 0.558382
0.067826 0.812529 0.710974
0.492111 0.268432 0.701005
0.031972 0.456365 0.379666
0.748625 0.665511 0.308668
0.731380 0.360464 0.611839
0.675082 0.698250 0.117795
0.941591 0.899156 0.017230
0.369410 0.598120 0.030546
0.584101 0.309443 0.802764
0.865411 0.830558 0.598417
0.732687 0.195359 0.829498
0.975322 0.187636 0.944250
0.632710 0.043454 0.900506
0.088370 0.591390 0.870313
0.551065 0.865082 0.001663
0.229007 0.375111 0.749398
0.113675 0.055980 0.874275
0.256896 0.699710 0.286066
0.892966 0.918117 0.064356
0.599663 0.246291 0.304354
0.216101 0.021723 0.929572
0.169066 0.748687 0.530268
0.212284 0.225588 0.295707
0.382764 0.989469 0.209335
0.091263 0.270532 0.230013
0.872346 0.961538 0.022608
0.676008 0.023222 0.987846
0.919240 0.685627 0.741225
0.995593 0.500458 0.208394
0.738459 0.350264 0.064481
0.336335 0.704647 0.537938
0.215593 0.702048 0.997839
0.854024 0.749590 0.087984
0.842039 0.047860 0.414141
0.958951 0.618092 0.889496
0.507806 0.429523 0.906003
0.888119 0.036779 0.488484
0.456044 0.444452 0.131830
0.773479 0.673399 0.095622
0.119294 0.724350 0.520223
0.277211 0.253847 0.869040
0.760977 0.722576 0.031647
0.708997 0.635144 0.951432
0.379898 0.144333 0.544752
0.734481 0.631796 0.629333
0.904505 0.975910 0.854449
0.676959 0.213248 0.269165
0.005763 0.210013 0.028325
0.554800 0.555649 0.881199
0.056571 0.315765 0.202325
0.514014 0.710990 0.310764
0.694689 0.165886 0.386985
0.538451 0.780495 0.329750
0.850402 0.692637 0.185674
0.718448 0.087623 0.982034
0.642915 0.854831 0.295062
0.256154 0.812784 0.575212
0.963395 0.974352 0.220773
0.172223 0.250683 0.737763
0.487238 0.138407 0.510745
0.282437 0.508185 0.547849
0.074351 0.934229 0.218243
0.316862 0.691826 0.085103
0.227173 0.694947 0.129730
0.153327 0.288087 0.882106
0.881925 0.828495 0.063783
0.417848 0.701724 0.967804
0.776753 0.328636 0.033486
0.732149 0.261807 0.857961
0.586032 0.052244 0.787129
0.279868 0.874694 0.724646
0.527467 0.524369 0.118006
0.979447 0.190255 0.943446
0.046534 0.819494 0.122670
0.694298 0.750497 0.856717
0.188045 0.907969 0.205764
0.561462 0.737985 0.529779
0.151538 0.145421 0.284836
0.550559 0.500817 0.566645
0.452306 0.308985 0.691344
0.034445 0.219016 0.444899
0.343502 0.931896 0.632709
0.608800 0.384521 0.468449
0.400979 0.615141 0.289637
0.159439 0.094364 0.770109
0.055930 0.814186 0.805646
0.930704 0.238448 0.566466
0.691816 0.799152 0.071294
0.195852 0.909752 0.650300
0.336390 0.043686 0.683139
0.766113 0.942217 0.915637
0.654444 0.943708 0.728300
0.077434 0.379738 0.784930
0.165745 0.903196 0.800413
0.706617 0.249199 0.766559
0.767655 0.082848 0.058402
0.694461 0.506779 0.248063
0.495218 0.527031 0.769286
0.896476 0.962599 0.434613
0.998333 0.517779 0.349774
0.073667 0.081069 0.030516
0.748851 0.616992 0.601282
0.881978 0.682697 0.144525
0.106892 0.051378 0.795002
0.537689 0.588890 0.483489
0.323944 0.805792 0.264281
0.185420 0.196998 0.499097
0.393487 0.874167 0.258651
0.442021 0.460766 0.622572
0.647836 0.353180 0.478617
0.259936 0.116210 0.585439
0.272127 0.582398 0.821730
0.665930 0.867891 0.963423
0.051261 0.925609 0.453742
0.034304 0.551823 0.241260
0.101301 0.057076 0.737099
0.231841 0.585314 0.657280
0.853634 0.035860 0.028263
0.498653 0.081441 0.949175
0.147278 0.420949 0.233964
0.710186 0.657389 0.731349
0.801178 0.767657 0.248444
0.159306 0.596220 0.566977
0.709239 0.767360 0.404606
0.349013 0.544151 0.904430
0.213738 0.763229 0.740938
0.436227 0.840858 0.677859
0.198752 0.370309 0.318548
0.655257 0.136646 0.214819
0.389951 0.214938 0.974968
0.571136 0.821016 0.783785
0.941685 0.558028 0.324803
0.164611 0.366119 0.959799
0.012108 0.544866 0.753515
0.380131 0.696435 0.955744
0.408153 0.050073 0.351402
0.673027 0.745805 0.188604
0.326690 0.745266 0.408301
0.317408 0.733584 0.536945
0.441173 0.940117 0.403972
0.784050 0.513099 0.476743
0.261443 0.018482 0.929857
0.285116 0.917735 0.316929
0.546339 0.872344 0.105583
0.097563 0.808518 0.608935
0.223309 0.092731 0.136081
0.255054 0.896231 0.164055
0.052267 0.830244 0.853293
0.471104 0.381541 0.032839
0.026473 0.369506 0.426281
0.108231 0.789988 0.383108
0.503509 0.556818 0.197061
0.721382 0.005225 0.773646
0.113177 0.771435 0.642315
0.619976 0.791924 0.917376
0.493253 0.691207 0.866964
0.489722 0.847955 0.538841
0.729970 0.672956 0.656720
0.426471 0.108298 0.116220
0.648408 0.471260 0.331889
0.862462 0.553482 0.481544
0.093969 0.665324 0.597759
0.476076 0.939365 0.064041
0.727004 0.738048 0.034609
0.828616 0.015199 0.136524
0.515776 0.653177 0.679844
0.604104 0.558120 0.638289
0.213782 0.873830 0.251219
0.729299 0.116937 0.703492
0.320970 0.700317 0.739297
0.807108 0.130111 0.373871
0.253967 0.496598 0.263520
0.457419 0.364805 0.750488
0.137639 0.817051 0.597813
0.470968 0.158405 0.422943
0.979684 0.743981 0.801393
0.371611 0.055383 0.342161
0.694150 0.138731 0.512776
0.384080 0.563820 0.419345
0.693458 0.485334 0.748533
0.448999 0.991416 0.478405
0.538733 0.296040 0.237780
0.015443 0.220098 0.557311
0.223232 0.662918 0.177787
0.075874 0.378252 0.826777
0.412596 0.944069 0.593406
0.802750 0.005546 0.538999
0.491556 0.546321 0.048624
0.156865 0.295158 0.675468
0.976381 0.182315 0.722588
0.323729 0.369016 0.739436
0.107776 0.392680 0.035853
0.839423 0.285634 0.173761
0.872969 0.006204 0.494392
0.116400 0.483510 0.438070
0.027289 0.229911 0.093906
0.946167 0.717010 0.742696
0.178976 0.886968 0.906316
0.420057 0.900374 0.341063
0.721055 0.342858 0.215385
0.732987 0.445148 0.531279
0.037165 0.602372 0.243322
0.648331 0.597832 0.759780
0.423311 0.199200 0.318932
0.348847 0.501335 0.086410
0.209086 0.704613 0.066473
0.925439 0.846866 0.311750
0.981784 0.141324 0.753854
0.592474 0.398099 0.182513
0.129036 0.335819 0.606155
0.917654 0.174494 0.176907
0.322104 0.504500 0.105871
0.288611 0.571028 0.497225
0.424127 0.469880 0.843794
0.613235 0.143789 0.748672
0.551657 0.480389 0.930430
0.437130 0.411265 0.962585
0.677434 0.409865 0.537158
0.685566 0.208193 0.766877
0.355705 0.156993 0.428859
0.142090 0.275450 0.033773
0.631612 0.375801 0.735839
0.277535 0.552011 0.183029
0.612983 0.916021 0.220527
0.330239 0.983924 0.263214
0.210349 0.669150 0.054394
0.927827 0.507703 0.982244
0.079342 0.505175 0.598949
0.005823 0.720313 0.028577
0.597120 0.237264 0.035275
0.662783 0.900972 0.292964
0.111186 0.175479 0.387428
0.696040 0.612886 0.792870
0.153327 0.838496 0.742157
0.750544 0.126557 0.221152
0.777518 0.884776 0.746041
0.136833 0.652012 0.492675
0.739583 0.231975 0.914745
0.954625 0.822460 0.616253
0.815704 0.998561 0.821329
0.047075 0.958841 0.737731
0.942305 0.044313 0.969657
0.039155 0.303344 0.468850
0.261111 0.816316 0.528732
0.005674 0.731889 0.631259
0.438964 0.538955 0.356800
0.954917 0.655982 0.568369
0.419200 0.656917 0.249629
0.077078 0.020757 0.113827
0.837272 0.524230 0.388608
0.418247 0.607825 0.788482
0.299879 0.934131 0.969527
0.550091 0.134361 0.744486
0.726733 0.253630 0.268715
0.619522 0.930972 0.296713
0.081010 0.315647 0.603725
0.806663 0.865874 0.446622
0.890895 0.185227 0.856681
0.425978 0.236406 0.103928
0.891986 0.737169 0.177140
0.133132 0.571459 0.739063
0.481016 0.264092 0.467477
0.399960 0.325470 0.222867
0.747955 0.459099 0.426950
0.350312 0.928938 0.350725
0.051758 0.434255 0.459130
0.498031 0.817897 0.842536
0.017408 0.904743 0.886734
0.468362 0.874273 0.942609
0.044356 0.812230 0.704515
0.529904 0.228317 0.309559
0.309241 0.852396 0.143070
0.341806 0.972567 0.963209
0.390418 0.322173 0.341510
0.658153 0.834264 0.967827
0.852404 0.879024 0.063048
0.991866 0.997584 0.912259
0.256017 0.618873 0.426394
0.158288 0.667045 0.893569
0.452916 0.937391 0.242086
0.677503 0.960650 0.016710
0.295679 0.070843 0.917406
0.875485 0.664166 0.849190
0.416568 0.926689 0.400508
0.609033 0.348035 0.814708
0.690000 0.891954 0.902810
0.556357 0.446639 0.373344
0.497806 0.260100 0.711400
0.071255 0.249872 0.556989
0.765206 0.801751 0.140268
0.685609 0.028019 0.904208
0.102503 0.337553 0.291450
0.297977 0.911938 0.398289
0.013511 0.746625 0.802075
0.864337 0.405568 0.872908
0.869465 0.977632 0.262503
0.553314 0.923666 0.110357
0.250975 0.284287 0.476400
0.116423 0.116719 0.882992
0.722082 0.803435 0.222083
0.950812 0.286447 0.909166
0.291286 0.016444 0.677230
0.447369 0.697332 0.226044
0.824482 0.213976 0.067936
0.853629 0.127056 0.020831
0.871880 0.790627 0.732179
0.256667 0.414568 0.164231
0.310596 0.671783 0.711458
0.577018 0.336134 0.219324
0.617118 0.428015 0.694762
0.462800 0.472291 0.625052
0.537970 0.299178 0.053568
0.915037 0.389610 0.297311
0.989434 0.951555 0.026319
0.826532 0.319579 0.213912
0.743731 0.410937 0.135889
0.538829 0.716023 0.877591
0.395662 0.811624 0.077588
0.821178 0.724757 0.759667
0.619173 0.991723 0.726471
0.445529 0.346626 0.120682
0.406039 0.043618 0.701934
0.718420 0.617820 0.759471
0.076449 0.162976 0.437532
0.662306 0.439519 0.590791
0.639140 0.280556 0.187878
0.764370 0.687911 0.295389
0.806544 0.220368 0.020380
0.343560 0.556642 0.918968
0.792272 0.742419 0.833871
0.623810 0.884362 0.036982
0.199807 0.044270 0.236472
0.590308 0.137714 0.433429
0.254744 0.335169 0.499813
0.281259 0.760043 0.059469
0.624908 0.874285 0.272546
0.960330 0.826480 0.634978
0.238270 0.357067 0.241986
0.501902 0.492884 0.217576
0.415808 0.088182 0.662428
0.635042 0.045824 0.997044
0.313962 0.396195 0.243708
0.332462 0.109309 0.971590
0.245797 0.421314 0.673471
0.092044 0.511190 0.496468
0.587898 0.640778 0.145712
0.234970 0.599456 0.021036
0.509193 0.702906 0.063552
0.617968 0.556968 0.223874
0.563943 0.310144 0.425209
0.111249 0.393707 0.062445
0.905477 0.021560 0.171959
0.741442 0.864416 0.244658
0.514914 0.941491 0.942867
0.292951 0.848744 0.592284
0.809439 0.261888 0.977182
0.281256 0.564010 0.266288
0.627141 0.933724 0.244350
0.357148 0.862131 0.149236
0.576279 0.130249 0.149646
0.949282 0.462218 0.463106
0.205544 0.333078 0.754277
0.281472 0.730591 0.427911
0.268263 0.442328 0.654315
0.820993 0.228448 0.543076
0.848239 0.481471 0.700784
0.032090 0.387003 0.753416
0.745184 0.492151 0.815339
0.524971 0.602480 0.380282
0.244500 0.286103 0.597019
0.807497 0.992540 0.287834
0.676139 0.317319 0.175308
0.987232 0.180474 0.552462
0.815659 0.919546 0.814277
0.975823 0.039144 0.287812
0.092710 0.312391 0.424352
0.362083 0.022368 0.977818
0.391752 0.353545 0.419350
0.541682 0.917404 0.846830
0.700038 0.543875 0.381948
0.499770 0.393449 0.036162
0.538599 0.328800 0.571424
0.271207 0.175638 0.765246
0.764466 0.778973 0.640882
0.376609 0.249538 0.615440
0.578472 0.047010 0.015375
0.612546 0.524826 0.367784
0.703460 0.794022 0.184750
0.868991 0.946263 0.780038
0.117281 0.064126 0.533817
0.515611 0.581279 0.865575
0.610415 0.889636 0.743575
0.218108 0.692591 0.221810
0.058853 0.092630 0.031195
0.971920 0.271927 0.126141
0.332868 0.294775 0.546128
0.018175 0.262927 0.376136
0.654972 0.173797 0.808946
0.773805 0.527169 0.302306
0.964613 0.372531 0.021787
0.979903 0.106900 0.441210
0.820238 0.194934 0.462499
0.868080 0.947518 0.983814
0.021986 0.987466 0.365213
0.226555 0.466939 0.003879
0.983268 0.245376 0.343866
0.219393 0.523165 0.784866
0.211047 0.539388 0.952208
0.173354 0.171654 0.046090
0.111681 0.862003 0.583999
0.558178 0.371012 0.133076
0.994752 0.275115 0.582443
0.906069 0.020546 0.079032
0.958194 0.421364 0.643739
0.013059 0.852639 0.273790
0.896017 0.523605 0.984975
0.032419 0.887469 0.497966
0.033978 0.087853 0.947327
0.525303 0.512694 0.552349
0.216940 0.308718 0.812923
0.620135 0.458977 0.360568
0.142005 0.731305 0.147726
0.636127 0.512689 0.055191
0.646042 0.816885 0.505270
0.312072 0.415775 0.483321
0.214055 0.849605 0.174382
0.467150 0.703241 0.909542
0.836311 0.449812 0.286607
0.975818 0.184150 0.363244
0.950130 0.140373 0.971531
0.325487 0.313115 0.027555
0.959857 0.404029 0.513931
0.434773 0.831070 0.549531
0.652460 0.508575 0.043877
0.653896 0.370115 0.884349
0.629241 0.620436 0.952267
0.926519 0.722525 0.444816
0.484437 0.648437 0.267324
0.776001 0.341673 0.422682
0.612702 0.485497 0.061554
0.702292 0.075482 0.449784
0.771243 0.240266 0.394599
0.141241 0.050658 0.128220
0.701112 0.635882 0.602121
0.431227 0.517127 0.390072
0.818310 0.497581 0.865874
0.032687 0.299842 0.556054
0.331714 0.621694 0.953201
0.655584 0.995511 0.858611
0.763951 0.546874 0.620629
0.302958 0.274066 0.699999
0.567580 0.785726 0.715571
0.478431 0.983106 0.609490
0.369696 0.327179 0.101033
0.215294 0.218076 0.072467
0.579981 0.962670 0.541887
0.366299 0.307755 0.321701
0.290520 0.133225 0.960299
0.840354 0.240520 0.920058
0.543060 0.039310 0.556591
0.637830 0.693980 0.721637
0.607579 0.534929 0.891100
0.367619 0.006109 0.149675
0.472335 0.192867 0.678497
0.447511 0.274975 0.400101
0.518919 0.031907 0.899166
0.989428 0.914548 0.299776
0.756575 0.779239 0.599380
0.389852 0.566092 0.583877
0.554315 0.805106 0.135748
0.450577 0.997213 0.792237
0.130851 0.244035 0.259959
0.954864 0.709654 0.397991
0.281333 0.243398 0.150948
0.000768 0.511632 0.793589
0.341208 0.988251 0.433665
0.622821 0.372425 0.089711
0.227828 0.372795 0.757532
0.973411 0.458517 0.769167
0.213376 0.358631 0.006919
0.507753 0.441971 0.800525
0.898449 0.535327 0.350901
0.822345 0.521492 0.721021
0.268888 0.996892 0.433953
0.798462 0.985752 0.285065
0.001869 0.115369 0.706588
0.823143 0.683499 0.267791
0.256775 0.954234 0.503423
0.986927 0.297989 0.033637
0.291904 0.926445 0.930601
0.605334 0.090091 0.521406
0.818149 0.180477 0.351225
0.408770 0.457063 0.142341
0.220151 0.686222 0.723295
0.463535 0.509109 0.961273
0.659343 0.331751 0.408873
0.542463 0.531870 0.725105
0.282623 0.443881 0.439972
0.650793 0.120477 0.135472
0.106632 0.727194 0.394977
0.832285 0.205371 0.177624
0.406471 0.344248 0.031051
0.642567 0.402452 0.023275
0.040764 0.597111 0.408919
0.607187 0.244013 0.884533
0.595205 0.358932 0.234092
0.603503 0.072687 0.061410
0.299623 0.290334 0.431546
0.998943 0.930005 0.177075
0.329551 0.565689 0.084758
0.155721 0.374637 0.738844
0.012993 0.210460 0.200302
0.470759 0.127880 0.344280
0.054816 0.450944 0.680953
0.630413 0.220755 0.508473
0.568565 0.796744 0.498032
0.681211 0.259188 0.962847
0.755885 0.689837 0.276327
0.097175 0.795798 0.892864
0.755516 0.400215 0.413442
0.159365 0.073215 0.010957
0.440672 0.620164 0.914313
0.801368 0.849353 0.849301
0.635977 0.286777 0.142937
0.620244 0.389396 0.937504
0.080734 0.768031 0.509132
0.202000 0.785237 0.240625
0.535494 0.370804 0.189734
0.647279 0.303770 0.882006
0.070042 0.440227 0.042826
0.690887 0.900611 0.368290
0.807067 0.416109 0.713964
0.648085 0.304431 0.140395
0.985936 0.032154 0.733755
0.446640 0.437892 0.463171
0.573661 0.509922 0.097128
0.447324 0.703009 0.534867
0.919072 0.207890 0.835128
0.379005 0.827539 0.868109
0.727055 0.948238 0.260118
0.315343 0.593174 0.028675
0.402668 0.892065 0.910280
0.460483 0.007538 0.211620
0.971263 0.996831 0.421052
0.622062 0.010448 0.611604
0.841904 0.860449 0.120146
0.832728 0.426474 0.770661
0.169309 0.418066 0.070801
0.840836 0.113308 0.296610
0.053159 0.487522 0.412282
0.156472 0.311966 0.185341
0.877913 0.490007 0.877127
0.162362 0.370059 0.724862
0.148117 0.679826 0.902142
0.586132 0.561895 0.073664
0.634885 0.860735 0.559813
0.591857 0.207670 0.634877
0.965206 0.127304 0.632845
0.265511 0.526952 0.669387
0.398599 0.001741 0.867131
0.861630 0.327990 0.328547
0.677651 0.589296 0.134538
0.354404 0.792889 0.531843
0.957167 0.009695 0.312878
0.309151 0.964067 0.622236
0.054598 0.162122 0.129957
0.611933 0.060328 0.073658
0.904784 0.205801 0.263755
0.306647 0.455124 0.342242
0.053398 0.673423 0.390844
0.598403 0.529538 0.619671
0.114394 0.465088 0.269140
0.361090 0.589693 0.840401
0.455827 0.961369 0.737038
0.107623 0.644766 0.719063
0.952796 0.562080 0.428732
0.495673 0.523437 0.806972
0.913293 0.043986 0.114326
0.855964 0.117908 0.376019
0.997811 0.651090 0.378317
0.164146 0.597309 0.636316
0.861795 0.035304 0.550408
0.347388 0.162996 0.050674
0.787442 0.773315 0.286385
0.297154 0.467217 0.360798
0.621746 0.516267 0.761488
0.272549 0.330001 0.431452
0.724397 0.799379 0.105813
0.294680 0.630637 0.538120
0.884737 0.315468 0.723521
0.865557 0.486143 0.509919
0.979776 0.522814 0.525898
0.870962 0.125739 0.426230
0.362009 0.226083 0.951460
0.722071 0.434576 0.770830
0.989875 0.138533 0.587384
0.655842 0.342901 0.629434
0.619750 0.707125 0.998061
0.312831 0.406185 0.922845
0.962643 0.199923 0.469076
0.142904 0.388559 0.742656
0.774389 0.832000 0.375128
0.344860 0.756631 0.227306
0.665119 0.465621 0.633557
0.916206 0.209928 0.545149
0.094052 0.914977 0.311254
0.420298 0.839694 0.453400
0.261024 0.333508 0.203936
0.211328 0.425593 0.720865
0.733529 0.138929 0.831343
0.536449 0.245992 0.114371
0.782375 0.375190 0.713791
0.813185 0.265552 0.050681
0.211056 0.184886 0.079441
0.703385 0.570326 0.771584
0.825537 0.436862 0.199393
0.652451 0.117917 0.250483
0.281821 0.044645 0.679606
0.125980 0.889638 0.474915
0.163441 0.500733 0.062162
0.943054 0.846571 0.450991
0.006492 0.322361 0.759766
0.483946 0.341437 0.588271
0.944334 0.151846 0.619999
0.119047 0.772974 0.515653
0.257321 0.519564 0.900787
0.236113 0.908506 0.875582
0.546736 0.648992 0.647143
0.204484 0.859681 0.001244
0.965437 0.474021 0.857609
0.243413 0.582446 0.802838
0.261872 0.152276 0.164046
0.819627 0.850117 0.385325
0.869706 0.125400 0.671172
0.083932 0.961854 0.042325
0.178637 0.660966 0.153742
0.837903 0.795066 0.294465
0.902487 0.554957 0.324454
0.067491 0.970768 0.245827
0.604977 0.470216 0.475559
0.497531 0.231651 0.013941
0.435608 0.459060 0.961041
0.340844 0.848618 0.923775
0.561907 0.486878 0.727445
0.022319 0.189059 0.476432
0.309977 0.610701 0.418386
0.692084 0.452824 0.871651
0.048870 0.364175 0.707933
0.662140 0.637114 0.746748
0.579609 0.535044 0.935388
0.695510 0.112362 0.881689
0.273517 0.934772 0.809028
0.417486 0.636492 0.919981
0.516664 0.500285 0.261681
0.998711 0.138186 0.729806
0.712541 0.403330 0.904485
0.696411 0.163529 0.393200
0.544578 0.105561 0.825496
0.501154 0.543530 0.473134
0.870719 0.114398 0.901169
0.423705 0.977365 0.346743
0.233293 0.732632 0.632276
0.269239 0.443858 0.730441
0.370061 0.741018 0.818080
0.159345 0.611394 0.175501
0.452979 0.776358 0.481759
0.967689 0.148851 0.206607
0.249709 0.731780 0.123187
0.367956 0.590143 0.064379
0.010206 0.065152 0.976362
0.625871 0.458248 0.258510
0.740226 0.313082 0.676416
0.152383 0.858517 0.355490
0.358187 0.096102 0.008984
0.009889 0.521104 0.784998
0.113753 0.246895 0.463124
0.438301 0.493442 0.365400
0.049516 0.018931 0.559984
0.992559 0.396239 0.580765
0.982800 0.042680 0.102396
0.862081 0.772164 0.811866
0.890029 0.819432 0.826845
0.865294 0.866245 0.157329
0.241282 0.435532 0.092209
0.700906 0.038646 0.192387
0.083982 0.499267 0.317243
0.190366 0.451075 0.433548
0.242625 0.731569 0.558543
0.256930 0.695965 0.258249
0.203170 0.244275 0.531098
0.091382 0.420983 0.170631
0.660363 0.205522 0.287014
0.934970 0.138606 0.330882
0.440261 0.724192 0.314484
0.728977 0.556555 0.043383
0.674121 0.139917 0.153693
0.776089 0.864973 0.407214
0.949679 0.091749 0.167550
0.079237 0.073688 0.647427
0.263373 0.336581 0.023752
0.795625 0.071283 0.060866
0.095933 0.517327 0.679409
0.672641 0.893547 0.778596
0.191060 0.189906 0.075526
0.453195 0.259804 0.749778
0.479186 0.509996 0.839182
0.160785 0.505978 0.857295
0.142144 0.428816 0.832930
0.485658 0.722746 0.555478
0.944739 0.167861 0.036989
0.059459 0.966941 0.715365
0.198764 0.287445 0.802070
0.010454 0.844495 0.266188
0.562550 0.173545 0.838489
0.176309 0.054748 0.469232
0.017503 0.940190 0.807844
0.858661 0.742634 0.544942
0.104475 0.826872 0.131829
0.970670 0.180307 0.795785
0.255920 0.171064 0.822505
0.922443 0.701323 0.801560
0.587726 0.764101 0.710237
0.371279 0.785161 0.399363
0.172123 0.681966 0.017622
0.697189 0.462986 0.037075
0.488292 0.651585 0.210175
0.387607 0.541399 0.587512
0.370574 0.117352 0.584594
0.007265 0.561262 0.859417
0.817779 0.428628 0.985867
0.586022 0.170212 0.606618
0.373040 0.110483 0.469514
0.960262 0.440754 0.489345
0.332415 0.983568 0.428887
0.083340 0.785183 0.658810
0.439218 0.396528 0.947645
0.048746 0.011398 0.079724
0.593384 0.183636 0.077033
0.605157 0.213014 0.090988
0.822143 0.988837 0.805497
0.353663 0.030961 0.513676
0.995345 0.731493 0.886760
0.406604 0.613316 0.362330
0.166402 0.945115 0.283824
0.901581 0.101695 0.045407
0.170583 0.647510 0.838415
0.794790 0.021132 0.388173
0.391388 0.462852 0.550605
0.037287 0.787255 0.954428
0.628861 0.448189 0.638477
0.532574 0.518884 0.241712
0.739297 0.105207 0.558654
0.256925 0.444689 0.508289
0.469360 0.430516 0.192036
0.746258 0.209010 0.778125
0.851470 0.266659 0.233653
0.665358 0.107906 0.362959
0.413218 0.405215 0.948412
0.732432 0.660612 0.646064
0.425358 0.868555 0.309166
0.813462 0.878279 0.475060
0.633374 0.548687 0.981484
0.913708 0.286557 0.359593
0.688420 0.584652 0.655891
0.307842 0.148053 0.852748
0.283490 0.748987 0.858277
0.152806 0.916488 0.247541
0.352209 0.429080 0.835019
0.062118 0.784678 0.844078
0.950031 0.879669 0.173634
0.973887 0.149909 0.566212
0.538786 0.280091 0.244532
0.181940 0.206185 0.527320
0.086001 0.756986 0.853797
0.968563 0.239466 0.773203
0.380619 0.088840 0.722753
0.606441 0.853292 0.792605
0.510655 0.967354 0.761827
0.751429 0.524249 0.398548
0.207096 0.449699 0.952835
0.070546 0.517326 0.859663
0.827977 0.063582 0.130672
0.010050 0.094416 0.882784
0.226143 0.915980 0.592758
0.939709 0.295861 0.717983
0.357885 0.262933 0.705201
0.880062 0.046615 0.654109
0.926438 0.553721 0.392069
0.738651 0.791069 0.572401
0.722759 0.933077 0.839756
0.598535 0.474002 0.219439
0.770393 0.220858 0.351037
0.946049 0.312864 0.701212
0.118944 0.971239 0.423097
0.807797 0.195752 0.932278
0.201943 0.078154 0.986415
0.918116 0.711499 0.633033
0.691178 0.970134 0.967086
0.846076 0.250800 0.077472
0.881432 0.808966 0.226686
0.905658 0.272909 0.635573
0.266103 0.118739 0.858324
0.771935 0.642692 0.027636
0.686394 0.680535 0.671223
0.576494 0.410078 0.295051
0.187227 0.891674 0.750163
0.985088 0.992977 0.366854
0.433495 0.476282 0.300691
0.022137 0.607894 0.864335
0.254299 0.287061 0.000822
0.831896 0.282599 0.416475
0.293506 0.114567 0.512547
0.392379 0.047152 0.709500
0.348621 0.573728 0.750690
0.618934 0.290254 0.025857
0.693845 0.057684 0.050768
0.159881 0.915270 0.360305
0.121489 0.098598 0.311311
0.670255 0.541207 0.038059
0.549603 0.350558 0.419286
0.948564 0.837408 0.074832
0.095802 0.072825 0.185177
0.103970 0.359939 0.484984
0.977513 0.843940 0.319945
0.512145 0.380748 0.008785
0.927932 0.811280 0.890901
0.138865 0.487210 0.608651
0.560229 0.237484 0.209772
0.349327 0.126042 0.366939
0.811282 0.096981 0.711028
0.135420 0.497566 0.744271
0.641596 0.382453 0.690522
0.068917 0.457310 0.979228
0.519827 0.946544 0.813595
0.791722 0.865447 0.824175
0.286301 0.239130 0.625210
0.411178 0.121867 0.043473
0.013500 0.364933 0.171318
0.725040 0.559637 0.676278
0.343750 0.376395 0.187772
0.655291 0.042873 0.826412
0.270279 0.315747 0.971245
0.246694 0.194027 0.604910
0.084887 0.061215 0.699668
0.406877 0.384476 0.510975
0.383246 0.449808 0.283178
0.714245 0.885779 0.008205
0.622005 0.754376 0.745679
0.310182 0.247200 0.997097
0.362416 0.123203 0.366774
0.734418 0.387698 0.918191
0.858875 0.074792 0.455115
0.156837 0.182515 0.057851
0.977415 0.761063 0.602373
0.423230 0.800270 0.609841
0.321175 0.262135 0.481611
0.752392 0.919169 0.220705
0.122849 0.867113 0.739169
0.095816 0.007023 0.409403
0.406411 0.807273 0.253944
0.391413 0.733549 0.712141
0.221118 0.567496 0.060756
0.331691 0.721520 0.940641
0.570054 0.146606 0.776366
0.208096 0.084873 0.709380
0.207587 0.993840 0.067072
0.100431 0.005901 0.522243
0.831968 0.229071 0.886257
0.369043 0.665828 0.174988
0.461586 0.874173 0.698623
0.623524 0.838994 0.657955
0.905656 0.035300 0.968411
0.357761 0.108908 0.475928
0.197298 0.792810 0.804443
0.264198 0.553639 0.302946
0.035235 0.102551 0.782377
0.569271 0.439409 0.350787
0.931244 0.210327 0.818532
0.956503 0.305178 0.314800
0.864152 0.456938 0.315147
0.920334 0.576524 0.642416
0.405477 0.530287 0.506113
0.815513 0.926826 0.246069
0.350426 0.187234 0.827915
0.027180 0.136532 0.985437
0.121539 0.154286 0.894046
0.925879 0.772987 0.020562
0.589510 0.022846 0.705490
0.490022 0.608212 0.004685
0.202113 0.972526 0.024467
0.365876 0.152038 0.722477
0.646599 0.288395 0.262921
0.571087 0.296481 0.046315
0.947731 0.361617 0.781748
0.584659 0.577918 0.437161
0.859559 0.470579 0.519490
0.763974 0.309018 0.581203
0.347832 0.801343 0.297805
0.748817 0.550237 0.311597
0.452218 0.191979 0.648487
0.803611 0.554359 0.223395
0.899730 0.767071 0.364773
0.010950 0.560017 0.585017
0.250626 0.130574 0.031290
0.983793 0.753507 0.521473
0.046226 0.466124 0.301228
0.240339 0.441487 0.642964
0.303706 0.257333 0.685439
0.218718 0.906919 0.685250
0.007788 0.039609 0.361088
0.366515 0.898736 0.108681
0.667698 0.138379 0.688628
0.844042 0.367624 0.844229
0.890500 0.955805 0.733043
0.201528 0.817283 0.647005
0.133305 0.779695 0.034391
0.544657 0.552622 0.244140
0.738725 0.548363 0.764047
0.004248 0.730189 0.503121
0.262997 0.305775 0.575007
0.576226 0.537909 0.986023
0.218107 0.931560 0.075772
0.678587 0.968448 0.623953
0.308551 0.274411 0.178383
0.914926 0.293676 0.020432
0.835799 0.470121 0.412962
0.790542 0.895911 0.008306
0.063734 0.846453 0.043938
0.281303 0.827510 0.155863
0.652319 0.602722 0.469106
0.360780 0.514019 0.629939
0.116990 0.359553 0.166958
0.016140 0.847850 0.040133
0.279710 0.058797 0.072828
0.585578 0.634604 0.271262
0.451918 0.307961 0.816337
0.216170 0.112155 0.321798
0.037326 0.802081 0.640354
0.723675 0.141303 0.865015
0.050153 0.584032 0.018843
0.016158 0.155472 0.162371
0.695001 0.795643 0.167750
0.970085 0.824797 0.034112
0.211664 0.359549 0.293934
0.478964 0.276653 0.237586
0.093377 0.856659 0.927123
0.987004 0.279743 0.535217
0.490699 0.984724 0.090355
0.562054 0.358695 0.252428
0.112815 0.043430 0.731146
0.646096 0.539102 0.037356
0.212628 0.920124 0.793446
0.062827 0.547401 0.975879
0.344161 0.771176 0.549501
0.286651 0.616475 0.999740
0.648947 0.565453 0.255878
0.431764 0.163494 0.751284
0.950643 0.820542 0.515195
0.376845 0.527138 0.535806
0.084948 0.679743 0.904077
0.544768 0.857545 0.837848
0.646174 0.843707 0.499271
0.861395 0.730257 0.657205
0.106960 0.639366 0.199045
0.875624 0.982144 0.558448
0.682781 0.478156 0.296344
0.047429 0.747276 0.009146
0.938119 0.188541 0.185287
0.549162 0.630783 0.185313
0.843012 0.996537 0.989774
0.602087 0.340803 0.189526
0.243122 0.097071 0.779158
0.276621 0.110347 0.550794
0.654307 0.154937 0.886580
0.514106 0.184082 0.619399
0.981951 0.043864 0.935921
0.102183 0.649056 0.508532
0.589435 0.273131 0.717740
0.420042 0.334084 0.323809
0.712046 0.233371 0.908935
0.269342 0.642512 0.464514
0.329873 0.741016 0.158010
0.876919 0.975672 0.093948
0.271665 0.495663 0.953448
0.529591 0.761048 0.318142
0.982790 0.949383 0.800219
0.028593 0.008714 0.521554
0.967216 0.462798 0.600070
0.637434 0.546221 0.937204
0.259028 0.631546 0.895837
0.152823 0.272300 0.453091
0.926693 0.558633 0.128570
0.820807 0.343675 0.256479
0.312157 0.318912 0.238690
0.630311 0.996318 0.617161
0.178766 0.256054 0.310236
0.629084 0.031231 0.089474
0.890136 0.286492 0.315533
0.797470 0.264417 0.511743
0.182904 0.750950 0.852177
0.748758 0.546683 0.144295
0.539177 0.311552 0.475222
0.360248 0.989911 0.824324
0.641283 0.458387 0.596653
0.581208 0.153650 0.296152
0.190154 0.534711 0.043213
0.676025 0.756999 0.838295
0.628198 0.101156 0.616931
0.816230 0.614058 0.369169
0.538786 0.953201 0.941015
0.837623 0.527777 0.420675
0.239872 0.869396 0.249141
0.166593 0.235700 0.329177
0.248248 0.174262 0.683901
0.162205 0.041302 0.788158
0.278644 0.144514 0.242105
0.160421 0.729845 0.835521
0.448552 0.073747 0.293771
0.299277 0.019399 0.399996
0.616257 0.360239 0.963345
0.986367 0.903613 0.189187
0.127842 0.700854 0.837251
0.177474 0.694309 0.742903
0.385370 0.812706 0.437394
0.059688 0.046025 0.841723
0.925567 0.814836 0.469834
0.252907 0.142322 0.975015
0.821564 0.054350 0.905019
0.992916 0.951766 0.374351
0.109666 0.302514 0.176351
0.932032 0.937413 0.015499
0.057891 0.673591 0.416144
0.182143 0.140006 0.736621
0.504953 0.467773 0.304966
0.816407 0.324487 0.181235
0.402053 0.535098 0.598616
0.992085 0.307327 0.084500
0.342101 0.541026 0.200246
0.548385 0.974150 0.633432
0.436089 0.709496 0.971558
0.873781 0.132786 0.039068
0.250546 0.498884 0.629207
0.625859 0.726212 0.162853
0.408223 0.793918 0.540079
0.560168 0.017760 0.750527
0.674660 0.517815 0.719105
0.585249 0.358926 0.354741
0.019321 0.537435 0.024481
0.658534 0.174531 0.408652
0.880103 0.872021 0.237630
0.696277 0.152055 0.319276
0.447427 0.328483 0.587411
0.906281 0.714987 0.109068
0.936584 0.207950 0.378948
0.465271 0.066076 0.393073
0.839891 0.477412 0.579894
0.141176 0.733513 0.363290
0.817942 0.494423 0.314043
0.659083 0.043748 0.089886
0.799981 0.725466 0.650055
0.819440 0.500466 0.852676
0.660932 0.668338 0.808874
0.152142 0.353826 0.349659
0.766507 0.431849 0.458652
0.794636 0.095073 0.130907
0.439124 0.555561 0.631226
0.180305 0.504627 0.606062
0.835423 0.739250 0.976601
0.973085 0.440781 0.086075
0.178584 0.925768 0.416626
0.625566 0.882589 0.458956
0.379720 0.250874 0.145915
0.542567 0.297509 0.763686
0.656748 0.135395 0.224780
0.908734 0.058988 0.257395
0.300540 0.565647 0.033421
0.923567 0.587463 0.691046
0.488841 0.092934 0.337031
0.566189 0.725740 0.748136
0.642963 0.053420 0.370455
0.781780 0.121776 0.315307
0.913600 0.717473 0.370625
0.076268 0.879644 0.918617
0.953003 0.873712 0.906044
0.288202 0.901770 0.091966
0.538594 0.454326 0.140516
0.474783 0.615616 0.586835
0.215721 0.747693 0.565644
0.702273 0.524297 0.681551
0.427049 0.071957 0.853634
0.578997 0.480262 0.220266
0.361246 0.923782 0.845507
0.403695 0.885636 0.322514
0.695602 0.052861 0.733998
0.462739 0.307376 0.989366
0.419434 0.210089 0.426028
0.655754 0.417298 0.103272
0.680701 0.660360 0.925889
0.934939 0.389741 0.267518
0.693598 0.087050 0.957923
0.231526 0.346883 0.939398
0.574069 0.845331 0.410847
0.625135 0.882315 0.010227
0.175561 0.281604 0.214286
0.764722 0.482290 0.466025
0.222424 0.696119 0.528803
0.301746 0.832455 0.187241
0.882809 0.971494 0.624708
0.284800 0.512637 0.389486
0.194779 0.414447 0.009507
0.264134 0.832332 0.202392
0.135237 0.498336 0.805202
0.343690 0.548617 0.620355
0.605427 0.821808 0.013313
0.404968 0.438293 0.618708
0.860252 0.142076 0.540218
0.338388 0.915921 0.383366
0.617162 0.923888 0.319314
0.284615 0.214529 0.911520
0.936170 0.066496 0.231508
0.910116 0.094725 0.713676
0.832915 0.404703 0.721178
0.135717 0.253327 0.020649
0.489143 0.913519 0.088472
0.667230 0.446195 0.930850
0.361271 0.730778 0.827570
0.487429 0.771855 0.820035
0.081515 0.679542 0.708957
0.691425 0.659943 0.229948
0.104802 0.364664 0.270042
0.487419 0.094187 0.207212
0.542814 0.618085 0.264911
0.806865 0.530588 0.149650
0.088368 0.868321 0.238138
0.067659 0.786089 0.668990
0.731712 0.565103 0.993512
0.417035 0.176547 0.138434
0.858391 0.908428 0.835788
0.531503 0.620386 0.803346
0.472245 0.293049 0.890416
0.386941 0.806470 0.840845
0.935902 0.482923 0.758175
0.282350 0.106185 0.718338
0.802664 0.471774 0.522838
0.476293 0.141618 0.540876
0.136928 0.173609 0.115236
0.589879 0.483148 0.748119
0.619177 0.732147 0.799375
0.979767 0.423482 0.057597
0.531705 0.514731 0.045215
0.400473 0.550552 0.686703
0.781592 0.782874 0.258888
0.003489 0.412261 0.338315
0.620999 0.620627 0.437373
0.590291 0.129354 0.983886
0.032505 0.061331 0.236923
0.488367 0.550424 0.856624
0.611696 0.651939 0.528748
0.344806 0.705350 0.888823
0.257460 0.428771 0.939395
0.256756 0.181713 0.032262
0.326783 0.519329 0.813328
0.689572 0.510917 0.709684
0.298913 0.951840 0.823032
0.984729 0.853513 0.182672
0.943901 0.287837 0.981805
0.422725 0.761994 0.130971
0.275344 0.865827 0.142039
0.759560 0.220765 0.367114
0.723872 0.388214 0.113320
0.864431 0.411611 0.137299
0.278708 0.174896 0.332239
0.172396 0.148447 0.068583
0.301636 0.652109 0.222063
0.892921 0.518977 0.773697
0.081825 0.006046 0.462348
0.388394 0.349059 0.553449
0.349879 0.763280 0.554533
0.245711 0.390756 0.675895
0.555053 0.058729 0.949747
0.834707 0.820357 0.474214
0.477791 0.830110 0.586175
0.797198 0.542603 0.867520
0.503504 0.440987 0.125471
0.414965 0.515055 0.822097
0.253969 0.131157 0.717397
0.988420 0.720673 0.140251
0.924881 0.633484 0.669550
0.850736 0.484344 0.262704
0.290640 0.819307 0.991345
0.454762 0.478043 0.905804
0.764215 0.325353 0.758994
0.707199 0.673208 0.943619
0.810048 0.445637 0.276060
0.768122 0.369426 0.663061
0.282771 0.358038 0.920118
0.216404 0.925156 0.613778
0.008381 0.016967 0.008515
0.878253 0.456455 0.964259
0.581638 0.642048 0.051960
0.186242 0.966779 0.442496
0.224467 0.421713 0.174754
0.341898 0.373951 0.723429
0.634961 0.525388 0.266971
0.117183 0.544250 0.386711
0.243420 0.769240 0.429283
0.405435 0.736665 0.315352
0.120463 0.129833 0.282138
0.300369 0.208333 0.519920
0.987053 0.360941 0.066376
0.618382 0.005672 0.840784
0.417488 0.349460 0.502913
0.891071 0.060613 0.916134
0.098181 0.063386 0.181813
0.113730 0.852640 0.107363
0.082436 0.593811 0.526519
0.078816 0.419347 0.160596
0.649968 0.645146 0.690800
0.635720 0.877353 0.393471
0.276776 0.947320 0.594701
0.549004 0.289831 0.507214
0.157331 0.409639 0.842671
0.740423 0.956939 0.343579
0.228865 0.065140 0.604532
0.861319 0.427584 0.713315
0.944549 0.071507 0.923603
0.653498 0.801680 0.190125
0.325572 0.017059 0.443795
0.092815 0.943574 0.711744
0.018785 0.602891 0.791888
0.778948 0.291087 0.018924
0.730719 0.105940 0.467255
0.898248 0.961874 0.691309
0.652022 0.414798 0.857169
0.913945 0.417189 0.543366
0.161236 0.569049 0.521130
0.396167 0.897345 0.485208
0.040176 0.488759 0.508746
0.032823 0.646183 0.385684
0.929222 0.915777 0.219749
0.757676 0.456609 0.800106
0.876147 0.317999 0.289808
0.600741 0.812923 0.210560
0.583421 0.826141 0.910450
0.958756 0.818926 0.309138
0.100346 0.764389 0.868186
0.500742 0.916067 0.699325
0.355910 0.484478 0.101780
0.746734 0.683412 0.926176
0.240141 0.131668 0.591879
0.696429 0.519256 0.085631
0.858339 0.245848 0.136456
0.454800 0.419644 0.994163
0.966315 0.670496 0.922526
0.993108 0.986960 0.887812
0.945716 0.197396 0.625797
0.123734 0.844127 0.549381
0.188528 0.622589 0.341137
0.620083 0.753565 0.765889
0.340016 0.790718 0.694093
0.411057 0.635179 0.490772
0.641301 0.267950 0.561875
0.149654 0.069216 0.003733
0.247704 0.523405 0.018719
0.083960 0.530449 0.029280
0.938111 0.520958 0.707807
0.182150 0.787571 0.952223
0.521475 0.229666 0.752994
0.082627 0.867770 0.314939
0.407606 0.791292 0.629808
0.623472 0.454268 0.293051
0.503912 0.569086 0.258540
0.445408 0.400013 0.286209
0.968155 0.857132 0.464071
0.472302 0.286303 0.304678
0.851835 0.944530 0.175649
0.424669 0.642637 0.791704
0.448013 0.536740 0.638553
0.441245 0.906128 0.462668
0.365740 0.485765 0.974434
0.342963 0.404079 0.562013
0.893485 0.788331 0.927933
0.204167 0.754320 0.654331
0.220232 0.433471 0.834621
0.184223 0.100965 0.918348
0.663195 0.705407 0.479565
0.594183 0.914499 0.369911
0.498937 0.718883 0.498141
0.647862 0.012949 0.358349
0.521693 0.446675 0.889206
0.735163 0.987391 0.940941
0.269006 0.233051 0.957524
0.052246 0.972487 0.631002
0.485532 0.241478 0.109714
0.352625 0.820127 0.434056
0.187184 0.803533 0.729829
0.453263 0.504583 0.199437
0.745923 0.586909 0.322065
0.434984 0.089540 0.995490
0.323612 0.890928 0.261565
0.865958 0.041095 0.522286
0.657127 0.884533 0.495153
0.688586 0.015015 0.390244
0.768797 0.429573 0.834869
0.789132 0.815774 0.858909
0.799843 0.657718 0.594478
0.085044 0.533234 0.031817
0.288338 0.182900 0.672612
0.971336 0.101980 0.698372
0.095686 0.938037 0.993773
0.080196 0.648964 0.059459
0.360727 0.593976 0.858241
0.136953 0.707373 0.341046
0.902589 0.897767 0.954508
0.178096 0.797743 0.791941
0.786694 0.257599 0.437959
0.585562 0.786326 0.888484
0.172073 0.034937 0.382187
0.632757 0.333263 0.534126
0.567456 0.222473 0.846311
0.147064 0.620300 0.400586
0.292850 0.942184 0.817063
0.431584 0.216444 0.666421
0.557865 0.718224 0.512082
0.507613 0.125375 0.691119
0.069081 0.702711 0.324386
0.719753 0.923482 0.479069
0.846707 0.391983 0.248239
0.768411 0.871035 0.513276
0.252061 0.551558 0.909830
0.308828 0.026444 0.494627
0.036642 0.214280 0.759297
0.699597 0.975432 0.273489
0.795350 0.028097 0.815255
0.098579 0.423528 0.984302
0.097060 0.678964 0.582973
0.773628 0.442533 0.470209
0.966092 0.065013 0.699069
0.063447 0.962646 0.058120
0.026740 0.441019 0.156195
0.274099 0.478992 0.282615
0.135089 0.702301 0.468029
0.092798 0.051020 0.103767
0.554849 0.010135 0.879159
0.867549 0.894232 0.612191
0.850135 0.721288 0.847027
0.747551 0.086732 0.812967
0.262423 0.066387 0.572565
0.328802 0.379265 0.521646
0.589486 0.978314 0.800930
0.123246 0.864974 0.035456
0.346684 0.577858 0.467158
0.987412 0.014610 0.425203
0.136326 0.372637 0.945706
0.268592 0.173105 0.470946
0.190906 0.414824 0.066387
0.978958 0.920073 0.762021
0.119488 0.763040 0.812788
0.264063 0.660809 0.044612
0.370853 0.912562 0.481500
0.193308 0.303704 0.474834
0.550503 0.388206 0.766767
0.182746 0.725294 0.782706
0.322720 0.475854 0.784072
0.353215 0.612274 0.551204
0.558490 0.139769 0.816959
0.092292 0.036162 0.138179
0.806998 0.968102 0.458285
0.350757 0.210654 0.429398
0.184984 0.376010 0.016665
0.168197 0.374056 0.425945
0.875793 0.415526 0.578864
0.162354 0.745806 0.822597
0.843832 0.840994 0.563467
0.658648 0.815860 0.142891
0.648826 0.017628 0.558767
0.394100 0.654129 0.004783
0.404493 0.185667 0.783084
0.904379 0.592125 0.975421
0.311689 0.755811 0.514395
0.035921 0.521817 0.515391
0.274078 0.885409 0.772431
0.160810 0.052868 0.332165
0.362097 0.720311 0.727421
0.951382 0.671666 0.552052
0.816910 0.306201 0.619354
0.785754 0.431651 0.864647
0.055271 0.171976 0.061456
0.394931 0.310098 0.573848
0.860418 0.671101 0.174117
0.879625 0.826333 0.183274
0.375502 0.798723 0.377408
0.986017 0.854135 0.637108
0.929437 0.367001 0.695512
0.912950 0.112337 0.355128
0.523338 0.414887 0.076339
0.242534 0.795750 0.050743
0.348696 0.014096 0.566866
0.523705 0.014605 0.742112
0.743205 0.782952 0.975944
0.761920 0.551932 0.009984
0.936257 0.751583 0.353622
0.248567 0.692627 0.503893
0.423418 0.793760 0.032528
0.490362 0.307615 0.850024
0.450778 0.533722 0.424683
0.360585 0.552758 0.700545
0.166905 0.814145 0.997367
0.851182 0.754672 0.264959
0.375556 0.964927 0.728945
0.492810 0.799539 0.429760
0.211533 0.305184 0.397704
0.584576 0.379741 0.706074
0.899127 0.289471 0.293708
0.234948 0.922492 0.594413
0.411782 0.635990 0.870472
0.370646 0.022216 0.717359
0.109347 0.525378 0.452180
0.351567 0.639326 0.469160
0.207831 0.697212 0.878818
0.766143 0.668963 0.670089
0.511106 0.832397 0.954670
0.596208 0.963738 0.360723
0.395910 0.141900 0.995425
0.736210 0.359533 0.159873
0.884130 0.113725 0.922338
0.505576 0.465146 0.824036
0.703608 0.859453 0.824073
0.079898 0.192401 0.860540
0.582186 0.727186 0.622170
0.396385 0.305737 0.834997
0.989091 0.346250 0.297810
0.214517 0.995479 0.522262
0.547589 0.562266 0.931937
0.772896 0.928221 0.208063
0.824856 0.622464 0.336838
0.839652 0.490105 0.255138
0.285093 0.996053 0.509744
0.549334 0.707141 0.975063
0.445471 0.509643 0.045211
0.017340 0.550321 0.338225
0.694227 0.217477 0.106605
0.286469 0.540106 0.202926
0.673986 0.015004 0.432537
0.485996 0.461448 0.535141
0.261055 0.884374 0.718820
0.782598 0.887277 0.561513
0.316347 0.034455 0.742064
0.015632 0.329467 0.826409
0.098508 0.942299 0.528995
0.468222 0.682047 0.340623
0.354412 0.100856 0.409817
0.959406 0.218858 0.930656
0.255360 0.991528 0.275046
0.260884 0.191306 0.527256
0.802066 0.864031 0.550301
0.762779 0.144099 0.143861
0.157431 0.120802 0.663395
0.098771 0.557580 0.405817
0.486652 0.761046 0.403180
0.732509 0.078895 0.177968
0.566081 0.900032 0.829600
0.997933 0.765105 0.357320
0.417447 0.866813 0.643899
0.982022 0.767130 0.741657
0.127230 0.163488 0.621916
0.494500 0.435193 0.165306
0.677581 0.643637 0.670671
0.388362 0.510899 0.728906
0.826784 0.360190 0.206413
0.860859 0.607047 0.371508
0.364070 0.273033 0.288844
0.782080 0.718458 0.613070
0.201583 0.608719 0.474879
0.511649 0.765384 0.831519
0.189154 0.096037 0.898177
0.174409 0.742485 0.391221
0.354303 0.214870 0.828984
0.808244 0.218057 0.289715
0.664482 0.605865 0.469182
0.032937 0.184830 0.798047
0.323992 0.064370 0.359182
0.236937 0.132302 0.500607
0.779650 0.652725 0.532472
0.146068 0.352658 0.704082
0.376212 0.978706 0.541816
0.771197 0.655318 0.383981
0.139649 0.698648 0.334048
0.371404 0.463445 0.921877
0.703654 0.267417 0.607825
0.505320 0.350862 0.773668
0.516687 0.447942 0.645135
0.435045 0.139905 0.105987
0.895241 0.355566 0.561174
0.036339 0.666844 0.707546
0.508531 0.423783 0.983959
0.889020 0.694119 0.053754
0.780921 0.860885 0.997839
0.874278 0.231083 0.960735
0.761791 0.889938 0.628499
0.200873 0.717404 0.811904
0.028623 0.223394 0.799607
0.949639 0.503144 0.526424
0.494281 0.990587 0.408996
0.674215 0.186489 0.495353
0.138466 0.792700 0.962946
0.829051 0.225197 0.628990
0.463436 0.482729 0.594023
0.332173 0.785733 0.447772
0.640977 0.287175 0.898584
0.577173 0.383759 0.999272
0.479183 0.947259 0.579530
0.993482 0.267844 0.456563
0.640470 0.635039 0.265984
0.959087 0.688006 0.359741
0.652516 0.038234 0.109320
0.169589 0.745065 0.760043
0.890434 0.074727 0.655861
0.997020 0.134034 0.798865
0.179724 0.494599 0.242186
0.788656 0.720484 0.688161
0.890935 0.669894 0.867706
0.349512 0.698376 0.651636
0.039997 0.781982 0.527482
0.484593 0.852755 0.293608
0.557759 0.549059 0.481424
0.687562 0.093686 0.002011
0.091163 0.745310 0.840944
0.374098 0.830437 0.752929
0.418162 0.638901 0.133115
0.118989 0.923309 0.615566
0.065310 0.270283 0.786041
0.488900 0.507479 0.626351
0.506880 0.448447 0.915299
0.391509 0.294052 0.952359
0.701401 0.327365 0.613473
0.239288 0.827075 0.540362
0.964965 0.319599 0.353439
0.144445 0.756257 0.814560
0.002610 0.238864 0.897605
0.366794 0.788926 0.957284
0.261937 0.191000 0.293766
0.322355 0.938473 0.441099
0.395500 0.151880 0.581716
0.505821 0.807251 0.401329
0.355455 0.590396 0.351190
0.282623 0.157525 0.143116
0.234595 0.018023 0.113544
0.131742 0.194444 0.571529
0.406857 0.688818 0.396304
0.231044 0.759534 0.690086
0.852463 0.339633 0.354620
0.032436 0.138807 0.049791
0.617268 0.397795 0.001559
0.408875 0.408382 0.921786
0.523137 0.768696 0.472344
0.898692 0.975245 0.610990
0.544403 0.499333 0.985372
0.781740 0.463528 0.301938
0.616411 0.210771 0.033767
0.282273 0.774444 0.699667
0.860938 0.849176 0.186991
0.239463 0.384040 0.460378
0.555964 0.921229 0.697033
0.927262 0.371760 0.860643
0.345911 0.397597 0.857435
0.493285 0.994462 0.349425
0.459383 0.814861 0.916993
0.699704 0.985835 0.726023
0.473121 0.552385 0.854824
0.331407 0.101536 0.763885
0.046424 0.030559 0.727190
0.579457 0.611875 0.569396
0.659974 0.128484 0.347070
0.720742 0.136329 0.525585
0.107391 0.595867 0.554467
0.221434 0.552250 0.726379
0.102545 0.688597 0.471437
0.457652 0.166252 0.643615
0.121657 0.402525 0.996202
0.057334 0.567290 0.707923
0.081361 0.895155 0.736258
0.224150 0.882303 0.054310
0.146605 0.627501 0.460921
0.678002 0.487739 0.699271
0.783982 0.786447 0.261539
0.092530 0.019984 0.041549
0.241810 0.177454 0.518629
0.327455 0.241977 0.759642
0.967356 0.139547 0.700463
0.973947 0.807038 0.777496
0.742555 0.877813 0.428629
0.896321 0.855694 0.413794
0.042847 0.688537 0.217477
0.821389 0.028309 0.515996
0.534890 0.368588 0.054572
0.068454 0.367032 0.430194
0.778582 0.027556 0.745345
0.660416 0.629427 0.117267
0.949015 0.123116 0.105902
0.662194 0.628001 0.979881
0.038669 0.383742 0.259764
0.395821 0.797777 0.870699
0.990611 0.583071 0.354420
0.882718 0.847358 0.392532
0.682014 0.135582 0.178603
0.364228 0.231180 0.520136
0.852269 0.082399 0.650649
0.745390 0.549428 0.495334
0.400566 0.271710 0.349036
0.219492 0.466914 0.741417
0.021134 0.737373 0.747971
0.379360 0.523504 0.736904
0.242874 0.039115 0.146913
0.872763 0.910230 0.848677
0.188749 0.333356 0.065336
0.260425 0.997099 0.978178
0.165530 0.963722 0.647923
0.071267 0.440678 0.379504
0.808893 0.068806 0.797562
0.021036 0.418403 0.214768
0.142806 0.804771 0.517969
0.682167 0.928601 0.404337
0.133864 0.607257 0.894853
0.004942 0.583293 0.747260
0.240464 0.978940 0.962305
0.526493 0.260219 0.731105
0.142092 0.706701 0.650680
0.944215 0.239852 0.052442
0.263977 0.395014 0.436688
0.798171 0.150570 0.135641
0.833373 0.865184 0.091508
0.063355 0.553049 0.017494
0.310510 0.530359 0.342212
0.545422 0.615855 0.169847
0.183171 0.811712 0.237435
0.895393 0.156481 0.024274
0.847465 0.260470 0.094192
0.488443 0.532359 0.956385
0.097427 0.816690 0.697348
0.073960 0.275562 0.784237
0.045674 0.003138 0.791172
0.797473 0.124265 0.091581
0.223299 0.770905 0.617330
0.501725 0.427547 0.755508
0.365554 0.639775 0.613879
0.177939 0.306301 0.466052
0.196175 0.023232 0.669632
0.261597 0.020045 0.276216
0.617241 0.080282 0.076067
0.193999 0.854555 0.453083
0.185661 0.337816 0.241557
0.066923 0.373318 0.687920
0.757120 0.460802 0.315094
0.561805 0.060037 0.547604
0.282713 0.058386 0.647873
0.062828 0.125289 0.522743
0.247726 0.923202 0.801531
0.788461 0.177391 0.947971
0.985807 0.307500 0.581442
0.529058 0.614874 0.239588
0.931765 0.077399 0.485540
0.435382 0.657228 0.341203
0.123187 0.993464 0.275729
0.023885 0.651389 0.117784
0.478202 0.299124 0.263343
0.289888 0.159264 0.735474
0.661197 0.481101 0.820899
0.132681 0.456687 0.328249
0.504751 0.719605 0.478646
0.139085 0.172557 0.466527
0.780344 0.854170 0.226083
0.306431 0.499301 0.985285
0.929814 0.777828 0.702899
0.318712 0.144157 0.058879
0.146669 0.579983 0.321995
0.659091 0.583382 0.944138
0.744791 0.025399 0.154137
0.257078 0.537671 0.725976
0.481441 0.425197 0.882668
0.035620 0.656286 0.948682
0.016427 0.178843 0.101979
0.900195 0.261282 0.188606
0.959763 0.327757 0.391102
0.925074 0.305957 0.097590
0.201069 0.315580 0.905945
0.308668 0.363422 0.150265
0.390021 0.362930 0.195295
0.963207 0.180838 0.851090
0.775260 0.782356 0.682088
0.076265 0.448195 0.800834
0.911390 0.042216 0.910651
0.569144 0.191142 0.212515
0.960154 0.922468 0.885074
0.970948 0.657836 0.452090
0.330734 0.688817 0.987206
0.656843 0.409516 0.838184
0.271295 0.285294 0.201957
0.006583 0.704342 0.821930
0.539669 0.729315 0.579504
0.304668 0.474842 0.800253
0.314189 0.484388 0.968297
0.817959 0.640256 0.286052
0.042991 0.546240 0.483258
0.363121 0.787344 0.794141
0.688915 0.837577 0.848458
0.993263 0.487134 0.318244
0.979539 0.640419 0.256371
0.288689 0.787146 0.028835
0.018405 0.554826 0.893748
0.110840 0.855935 0.283159
0.542859 0.672746 0.820403
0.899100 0.075311 0.115458
0.927639 0.298898 0.652814
0.712961 0.287471 0.780708
0.500509 0.060859 0.488037
0.096446 0.438625 0.516376
0.662369 0.030894 0.572080
0.376198 0.246395 0.640288
0.254003 0.544603 0.674255
0.278052 0.932835 0.946773
0.161367 0.001803 0.326233
0.336631 0.917425 0.620601
0.261497 0.834317 0.376188
0.027634 0.784424 0.016780
0.700923 0.139875 0.218235
0.225449 0.070671 0.130927
0.967315 0.877289 0.216546
0.956475 0.241659 0.233867
0.679654 0.462933 0.560331
0.980698 0.933077 0.379912
0.023120 0.679272 0.512921
0.176425 0.098237 0.410357
0.883445 0.841107 0.965264
0.790145 0.712941 0.570828
0.064388 0.671619 0.588863
0.342756 0.637229 0.934484
0.812570 0.224106 0.866201
0.145199 0.157341 0.405677
0.825926 0.333767 0.534441
0.874510 0.574856 0.145016
0.386481 0.684244 0.006218
0.867870 0.840839 0.229758
0.019450 0.618952 0.288963
0.727838 0.653352 0.321374
0.329298 0.966264 0.876051
0.515115 0.832643 0.903564
0.306908 0.022588 0.867948
0.518289 0.167601 0.744855
0.612710 0.142030 0.461389
0.528781 0.573981 0.940391
0.446886 0.995051 0.632472
0.087674 0.907655 0.133163
0.833636 0.129802 0.425733
0.071003 0.014434 0.493374
0.863706 0.436255 0.648910
0.079703 0.941257 0.086105
0.322942 0.164602 0.657079
0.365192 0.251346 0.252397
0.363639 0.135548 0.061931
0.630786 0.090435 0.344405
0.885630 0.316066 0.323937
0.993494 0.760340 0.620644
0.459266 0.552185 0.380007
0.072426 0.915229 0.281201
0.518778 0.536648 0.538832
0.890825 0.926889 0.287493
0.831654 0.907929 0.865809
0.802124 0.702977 0.227310
0.149297 0.744069 0.520825
0.673266 0.746874 0.695975
0.136864 0.457433 0.819966
0.523518 0.184579 0.646261
0.522119 0.240380 0.353188
0.353242 0.437472 0.676216
0.007048 0.274527 0.948584
0.528357 0.534846 0.213812
0.985054 0.645610 0.362770
0.455803 0.297688 0.670105
0.312459 0.515976 0.202829
0.357500 0.861426 0.502154
0.414715 0.712066 0.182009
0.999262 0.120831 0.958376
0.268955 0.600950 0.739670
0.893053 0.878199 0.839155
0.407208 0.594287 0.152923
0.144427 0.145789 0.120390
0.263948 0.430185 0.557001
0.486213 0.780409 0.330241
0.495097 0.510312 0.972797
0.189909 0.683712 0.871315
0.254295 0.593946 0.903228
0.251892 0.313062 0.520239
0.978473 0.043651 0.830741
0.264293 0.589097 0.372258
0.744613 0.983728 0.832608
0.175218 0.836205 0.205111
0.014365 0.502301 0.242898
0.511280 0.605860 0.712067
0.925199 0.846265 0.659583
0.438868 0.994836 0.568106
0.639470 0.516713 0.279787
0.214171 0.518288 0.682604
0.819703 0.894580 0.249556
0.827807 0.799397 0.782186
0.933979 0.657760 0.539059
0.069116 0.610689 0.518364
0.488867 0.457249 0.223935
0.649522 0.045409 0.939605
0.432122 0.141030 0.180441
0.977991 0.297221 0.862708
0.763923 0.214767 0.530308
0.580802 0.681700 0.709455
0.726203 0.850684 0.934822
0.573299 0.658747 0.810912
0.058801 0.173864 0.555677
0.595171 0.412572 0.396576
0.981959 0.571771 0.512448
0.384653 0.514898 0.898301
0.445704 0.449644 0.078958
0.944451 0.699112 0.106668
0.196052 0.511542 0.209731
0.436078 0.007479 0.719804
0.005874 0.196004 0.127563
0.074880 0.881930 0.335300
0.029977 0.882044 0.713704
0.506037 0.694481 0.834667
0.695876 0.541446 0.328543
0.129642 0.383459 0.488371
0.352741 0.188616 0.448656
0.489083 0.357179 0.608928
0.191866 0.233720 0.394734
0.899232 0.339271 0.140542
0.524651 0.192315 0.200892
0.734454 0.349902 0.736345
0.030851 0.600212 0.710547
0.788589 0.570604 0.829552
0.959738 0.606565 0.951878
0.979046 0.113578 0.398873
0.645690 0.265204 0.526034
0.976277 0.313734 0.740979
0.904217 0.039864 0.724991
0.715713 0.422039 0.499686
0.882269 0.958524 0.594398
0.686990 0.909632 0.770381
0.514681 0.545024 0.253242
0.987589 0.238895 0.558015
0.698548 0.403610 0.000514
0.060118 0.826472 0.834569
0.062968 0.069295 0.941169
0.005030 0.027981 0.947073
0.553166 0.900730 0.311916
0.535127 0.349175 0.831450
0.553882 0.254619 0.484576
0.423728 0.857873 0.068663
0.753830 0.462323 0.448038
0.552357 0.486585 0.393833
0.905376 0.517121 0.028857
0.249559 0.638903 0.178630
0.345099 0.073686 0.444617
0.029219 0.640689 0.584576
0.057446 0.905475 0.240924
0.661818 0.171725 0.147936
0.965251 0.398370 0.123962
0.690401 0.919401 0.578437
0.358403 0.655548 0.897415
0.780432 0.211096 0.939649
0.753743 0.507240 0.129157
0.820833 0.118269 0.675373
0.598843 0.418615 0.538091
0.642922 0.130368 0.917885
0.092107 0.445831 0.056046
0.583230 0.031596 0.907240
0.731947 0.222305 0.734777
0.085804 0.000743 0.247683
0.188019 0.412004 0.606786
0.138870 0.525535 0.533762
0.328505 0.020404 0.464580
0.371763 0.021747 0.763957
0.601384 0.650141 0.209671
0.259864 0.693806 0.675817
0.287223 0.671097 0.055409
0.176296 0.920120 0.366979
0.967338 0.919346 0.146269
0.501661 0.827998 0.965230
0.665722 0.907260 0.751112
0.606403 0.054362 0.749776
0.329756 0.700036 0.571791
0.411867 0.252136 0.134528
0.449759 0.902526 0.947615
0.700049 0.330521 0.648039
0.780035 0.496485 0.748282
0.231413 0.472015 0.813183
0.927478 0.863966 0.385090
0.480154 0.252565 0.172779
0.303895 0.214892 0.480626
0.769758 0.803466 0.421959
0.989448 0.421858 0.302747
0.862880 0.988355 0.483979
0.520158 0.470716 0.725510
0.322033 0.140348 0.081039
0.157749 0.209555 0.359871
0.816805 0.684179 0.139385
0.302847 0.137322 0.660148
0.503270 0.598798 0.016056
0.587519 0.383493 0.519129
0.175983 0.344929 0.031979
0.533912 0.794722 0.027206
0.796804 0.919463 0.516821
0.129459 0.933786 0.458003
0.441736 0.621265 0.464936
0.771831 0.832279 0.586739
0.483472 0.275194 0.293250
0.723322 0.390702 0.206057
0.095902 0.639896 0.138916
0.733995 0.026431 0.856022
0.667563 0.007032 0.567218
0.196317 0.834826 0.206513
0.128675 0.808186 0.513045
0.083782 0.717617 0.917718
0.850924 0.752252 0.263932
0.794156 0.319906 0.105018
0.845835 0.138340 0.952931
0.289638 0.638654 0.673417
0.234138 0.891202 0.749788
0.304888 0.878672 0.515966
0.556705 0.768740 0.645649
0.633136 0.444332 0.248976
0.506481 0.581773 0.499993
0.604001 0.996263 0.630005
0.673456 0.968948 0.217127
0.221247 0.027480 0.923036
0.540032 0.429785 0.937107
0.153206 0.076599 0.672143
0.745578 0.623731 0.587817
0.806546 0.206677 0.265305
0.699560 0.135567 0.764634
0.450657 0.671626 0.608394
0.626935 0.989067 0.488382
0.863152 0.150879 0.629398
0.155409 0.515643 0.219548
0.248767 0.366510 0.267275
0.762518 0.512846 0.928412
0.723616 0.887564 0.085044
0.405401 0.271597 0.709234
0.103953 0.927842 0.873348
0.823787 0.008283 0.528100
0.318360 0.289441 0.296639
0.196885 0.994055 0.493010
0.875028 0.169868 0.209917
0.057853 0.805170 0.482693
0.618496 0.901605 0.940703
0.383232 0.362904 0.323648
0.932596 0.628376 0.677335
0.251239 0.043796 0.887443
0.782126 0.178026 0.747543
0.295871 0.505576 0.466162
0.490024 0.699304 0.692211
0.483997 0.399179 0.024191
0.349659 0.943431 0.587033
0.226323 0.787997 0.815266
0.616475 0.500768 0.901870
0.225251 0.811209 0.385979
0.346984 0.544087 0.600092
0.002760 0.215707 0.407705
0.704456 0.554454 0.311544
0.256620 0.124784 0.503767
0.393351 0.736517 0.578051
0.658100 0.513276 0.930954
0.204411 0.056381 0.262261
0.287878 0.793892 0.613132
0.604786 0.492047 0.259766
0.825216 0.673866 0.756112
0.197785 0.912202 0.619533
0.533611 0.261682 0.778462
0.226881 0.151381 0.024336
0.523362 0.693921 0.824415
0.115954 0.122707 0.635804
0.265140 0.150755 0.322776
0.821556 0.345497 0.125484
0.561866 0.059568 0.061834
0.448134 0.465850 0.607930
0.550057 0.320351 0.129699
0.032537 0.923740 0.159537
0.818250 0.739436 0.566753
0.829212 0.558118 0.439694
0.333436 0.980209 0.460351
0.027128 0.705226 0.355066
0.627289 0.812662 0.692049
0.095316 0.080989 0.635359
0.727209 0.136785 0.680874
0.647109 0.706095 0.892280
0.839685 0.689889 0.744722
0.469339 0.268225 0.507820
0.075320 0.382132 0.769432
0.058857 0.941242 0.508139
0.918009 0.493358 0.876650
0.392311 0.623425 0.359623
0.477631 0.978043 0.253701
0.414178 0.608748 0.266248
0.216966 0.693403 0.329703
0.318311 0.539579 0.669175
0.826358 0.461491 0.511472
0.062718 0.004495 0.972388
0.896979 0.881342 0.871430
0.211835 0.597693 0.305854
0.203574 0.923337 0.501639
0.947300 0.381389 0.332803
0.670876 0.981191 0.586543
0.285301 0.830266 0.733053
0.045438 0.705172 0.528348
0.246628 0.077625 0.279671
0.377241 0.210834 0.552553
0.816900 0.890343 0.403661
0.332628 0.775828 0.682137
0.919562 0.031885 0.048974
0.220554 0.205845 0.383398
0.481086 0.533318 0.313155
0.870089 0.515476 0.925204
0.657031 0.203707 0.662585
0.974172 0.165007 0.859391
0.278274 0.862982 0.346022
0.236244 0.094342 0.050058
0.045937 0.918222 0.960036
0.644354 0.758199 0.260103
0.722080 0.244631 0.863272
0.784588 0.675955 0.690310
0.768524 0.964352 0.479975
0.413044 0.304802 0.994859
0.684234 0.566142 0.602992
0.262794 0.958327 0.067934
0.135544 0.401851 0.612279
0.439374 0.676817 0.284527
0.723761 0.282531 0.435192
0.007875 0.859407 0.268193
0.042950 0.616498 0.899825
0.840239 0.378595 0.735758
0.463469 0.599689 0.998433
0.230541 0.840042 0.764494
0.132057 0.034860 0.540347
0.892077 0.605055 0.254694
0.365862 0.285116 0.711937
0.690535 0.750176 0.258787
0.423366 0.641276 0.510289
0.930558 0.973140 0.622340
0.007192 0.390028 0.383259
0.563072 0.679360 0.055890
0.464029 0.113675 0.217736
0.229025 0.303090 0.615318
0.638522 0.774345 0.529061
0.339468 0.439392 0.433836
0.399873 0.796615 0.868132
0.781902 0.371396 0.109386
0.678371 0.419234 0.833983
0.369456 0.417906 0.805519
0.951066 0.956352 0.990168
0.310539 0.619559 0.702967
0.580637 0.112246 0.172620
0.637707 0.461528 0.191052
0.580859 0.170358 0.980966
0.957352 0.281817 0.823883
0.537143 0.509234 0.842384
0.171560 0.697599 0.456872
0.567158 0.875112 0.714843
0.693660 0.896243 0.039983
0.446716 0.135367 0.915399
0.352105 0.144097 0.743030
0.664035 0.340215 0.364767
0.089583 0.508646 0.138530
0.932672 0.497219 0.984076
0.063042 0.483378 0.623551
0.364704 0.839619 0.271633
0.350992 0.428997 0.754438
0.376295 0.008224 0.824465
0.497837 0.729383 0.238008
0.323387 0.027154 0.560024
0.102906 0.464836 0.520497
0.044762 0.515599 0.938825
0.949546 0.244300 0.928499
0.069254 0.243402 0.224032
0.415237 0.456449 0.444469
0.529915 0.123989 0.884237
0.362085 0.208364 0.315231
0.087833 0.171433 0.573001
0.532292 0.060484 0.128271
0.391212 0.204121 0.292712
0.395608 0.291860 0.041573
0.615532 0.691619 0.473789
0.481898 0.192352 0.659433
0.453013 0.956443 0.849165
0.769598 0.495220 0.801173
0.095135 0.905893 0.886828
0.201085 0.806678 0.448762
0.606302 0.696392 0.142165
0.899662 0.816310 0.332141
0.984973 0.914365 0.824792
0.881891 0.770726 0.742955
0.421821 0.473737 0.537835
0.106618 0.191271 0.775175
0.439350 0.582283 0.827152
0.901443 0.438864 0.049821
0.551964 0.053228 0.668045
0.844366 0.397546 0.975338
0.020584 0.089213 0.165968
0.667709 0.250694 0.464586
0.682256 0.492561 0.179998
0.732876 0.248695 0.041601
0.384958 0.503756 0.187164
0.801557 0.031582 0.980353
0.025840 0.550535 0.887442
0.894762 0.424468 0.525146
0.671595 0.360733 0.009591
0.621411 0.592903 0.132929
0.558472 0.783023 0.289010
0.524461 0.503791 0.618157
0.702108 0.263688 0.578559
0.161026 0.339655 0.275424
0.162316 0.688775 0.821210
0.194964 0.663500 0.192174
0.742027 0.684942 0.701999
0.862669 0.809067 0.610813
0.644188 0.084710 0.727962
0.463993 0.793430 0.263512
0.912025 0.313310 0.164320
0.259830 0.238978 0.952790
0.670642 0.558908 0.564304
0.726110 0.754703 0.201915
0.818417 0.509213 0.647362
0.205240 0.919595 0.667168
0.265189 0.088734 0.211445
0.148330 0.987460 0.478582
0.561280 0.076499 0.921593
0.574524 0.979926 0.689606
0.438862 0.004548 0.346485
0.085139 0.414673 0.111733
0.785202 0.600416 0.377802
0.077471 0.224658 0.642021
0.415315 0.562247 0.840567
0.028062 0.948885 0.452848
0.748999 0.057508 0.398318
0.003019 0.921397 0.407070
0.935317 0.126806 0.755442
0.885343 0.463112 0.318061
0.941553 0.382154 0.969881
0.943056 0.776716 0.809026
0.417293 0.485076 0.542065
0.569612 0.728408 0.731750
0.073814 0.499680 0.299918
0.213072 0.557675 0.563979
0.952482 0.079362 0.618897
0.764365 0.232324 0.753290
0.542887 0.632502 0.334435
0.900804 0.302170 0.860702
0.776434 0.072546 0.917599
0.056711 0.270175 0.417208
0.593668 0.944347 0.392326
0.944382 0.719272 0.393534
0.843255 0.704695 0.529429
0.536200 0.142640 0.800835
0.618471 0.935457 0.174153
0.109794 0.048537 0.143330
0.749594 0.970180 0.261269
0.778448 0.470990 0.462023
0.328493 0.440978 0.504399
0.721752 0.076163 0.267191
0.382414 0.852034 0.623289
0.185804 0.059896 0.081222
0.301903 0.205611 0.006883
0.866740 0.208517 0.135773
0.117139 0.326146 0.114078
0.281942 0.698116 0.593632
0.005569 0.021695 0.085648
0.053343 0.319781 0.451602
0.121235 0.560564 0.342647
0.264126 0.457813 0.235324
0.150457 0.349409 0.993815
0.978090 0.958622 0.868410
0.139059 0.276612 0.487813
0.773945 0.818347 0.686956
0.327379 0.920365 0.592223
0.875802 0.487666 0.249435
0.741704 0.432028 0.346982
0.844424 0.153583 0.649244
0.926049 0.543533 0.305518
0.606448 0.627980 0.330916
0.969322 0.393414 0.900483
0.791422 0.358884 0.152181
0.011919 0.745483 0.304935
0.374375 0.895530 0.206849
0.904088 0.010803 0.123911
0.219294 0.862929 0.079563
0.599235 0.102349 0.288034
0.667949 0.059918 0.939757
0.961813 0.430097 0.375136
0.326087 0.562351 0.507916
0.713163 0.150644 0.742788
0.714574 0.718568 0.118950
0.262359 0.187862 0.868860
0.255670 0.605306 0.715100
0.976072 0.342570 0.318590
0.186413 0.433661 0.464511
0.232878 0.267061 0.575082
0.523482 0.881697 0.466807
0.910149 0.329422 0.967185
0.474026 0.954655 0.524395
0.004260 0.968383 0.097006
0.063581 0.024306 0.418500
0.255644 0.465775 0.270190
0.096699 0.396614 0.510728
0.395729 0.713147 0.267593
0.254101 0.500039 0.388491
0.011233 0.735640 0.775406
0.940101 0.812082 0.193164
0.629279 0.775073 0.202531
0.291070 0.022511 0.265558
0.343261 0.795443 0.769456
0.672618 0.735830 0.939951
0.800436 0.527705 0.345196
0.552954 0.340420 0.902218
0.096814 0.756634 0.176889
0.185362 0.260744 0.377018
0.290514 0.682902 0.839605
0.224513 0.633207 0.654267
0.116931 0.910697 0.015535
0.738217 0.814872 0.906673
0.899800 0.161041 0.806059
0.524520 0.381880 0.677779
0.632111 0.789535 0.791764
0.340665 0.454819 0.533122
0.691267 0.302838 0.015645
0.123525 0.900320 0.229730
0.576925 0.278768 0.166203
0.623602 0.938917 0.633474
0.114795 0.796256 0.955412
0.733122 0.363252 0.371889
0.250833 0.820661 0.020862
0.665708 0.628546 0.720498
0.157668 0.086508 0.202297
0.580961 0.976461 0.617574
0.029623 0.446800 0.796748
0.030931 0.630580 0.404567
0.535553 0.641609 0.416990
0.930636 0.242018 0.179836
0.655968 0.013037 0.606492
0.673528 0.918554 0.365744
0.721305 0.133109 0.580125
0.794944 0.184666 0.762624
0.289545 0.581257 0.725857
0.103211 0.574020 0.680890
0.012684 0.652490 0.277555
0.150663 0.846034 0.344908
0.208843 0.603565 0.745083
0.128372 0.618092 0.357933
0.922216 0.416471 0.318947
0.939015 0.979885 0.507215
0.277044 0.960127 0.370409
0.145587 0.358327 0.534566
0.102339 0.749390 0.916224
0.364221 0.143254 0.231185
0.440360 0.109368 0.887009
0.518150 0.510695 0.168914
0.587025 0.062481 0.644670
0.276713 0.067368 0.176448
0.424900 0.927349 0.601353
0.072484 0.134894 0.451506
0.527843 0.760649 0.079674
0.003585 0.945960 0.277735
0.169462 0.827406 0.275758
0.798674 0.010211 0.042215
0.428143 0.958078 0.530507
0.562927 0.549072 0.025242
0.175563 0.330598 0.120290
0.107336 0.612619 0.140882
0.785517 0.673742 0.773239
0.628707 0.136885 0.955017
0.002311 0.999331 0.549729
0.438763 0.760737 0.983131
0.923707 0.170272 0.479291
0.206602 0.047839 0.276581
0.240315 0.291530 0.651880
0.539179 0.414627 0.383843
0.614724 0.089958 0.216703
0.356351 0.325372 0.258163
0.782392 0.469572 0.447078
0.422546 0.550370 0.608770
0.888986 0.039696 0.254316
0.017359 0.410521 0.661060
0.532411 0.315207 0.772333
0.742152 0.153875 0.628283
0.502069 0.168905 0.921423
0.846895 0.548062 0.725717
0.647468 0.913781 0.714011
0.528876 0.733402 0.556029
0.299120 0.132390 0.506417
0.175642 0.205949 0.489868
0.385356 0.048794 0.252751
0.752875 0.415039 0.675965
0.020402 0.985022 0.164893
0.567074 0.692828 0.907310
0.095478 0.579276 0.192328
0.260243 0.852661 0.484052
0.281115 0.664095 0.862971
0.310011 0.753402 0.316060
0.296440 0.519282 0.037979
0.458599 0.938235 0.739191
0.706574 0.295832 0.200707
0.170305 0.394423 0.116122
0.414621 0.846241 0.874337
0.761456 0.725026 0.597173
0.770580 0.232731 0.036316
0.806668 0.897317 0.807774
0.358079 0.766699 0.355858
0.249890 0.794588 0.673009
0.154574 0.829963 0.115227
0.314907 0.679085 0.744405
0.690118 0.591073 0.967408
0.699429 0.353893 0.626209
0.214875 0.763030 0.548095
0.621604 0.922985 0.702444
0.187778 0.703384 0.307714
0.790089 0.569080 0.910178
0.576634 0.555923 0.593761
0.029077 0.302358 0.014540
0.971473 0.059919 0.372355
0.740346 0.148777 0.652487
0.806239 0.426555 0.362101
0.284768 0.303106 0.727347
0.667320 0.653192 0.322255
0.741480 0.437954 0.080031
0.661978 0.726582 0.506616
0.546806 0.035374 0.342073
0.922223 0.173410 0.305995
0.332438 0.198227 0.003383
0.378514 0.176759 0.672054
0.009931 0.942008 0.928268
0.270179 0.206551 0.812913
0.762762 0.711749 0.151882
0.183892 0.388159 0.227902
0.403557 0.545896 0.837315
0.809203 0.180321 0.886756
0.355490 0.809942 0.797607
0.894890 0.570994 0.887736
0.713149 0.084919 0.837887
0.482029 0.863587 0.758917
0.778454 0.060305 0.168599
0.729276 0.706593 0.398405
0.940139 0.153837 0.302841
0.162891 0.175774 0.499299
0.874702 0.575390 0.164167
0.083917 0.922019 0.566437
0.557327 0.994790 0.652381
0.943322 0.097400 0.795168
0.510153 0.377397 0.808813
0.898810 0.914429 0.229896
0.153570 0.813315 0.389157
0.501020 0.171283 0.242472
0.589295 0.768620 0.054394
0.691468 0.802886 0.020542
0.541237 0.311265 0.079994
0.562975 0.356515 0.939500
0.568698 0.976470 0.994199
0.134729 0.146209 0.266031
0.762429 0.207394 0.856456
0.333074 0.791752 0.704899
0.644877 0.535569 0.387227
0.393340 0.872798 0.261086
0.102457 0.751259 0.192090
0.108253 0.227089 0.864230
0.447204 0.797583 0.087666
0.452971 0.838050 0.577266
0.953694 0.138754 0.305576
0.459308 0.326559 0.798329
0.038233 0.533729 0.300753
0.366725 0.278051 0.818773
0.524802 0.431690 0.779471
0.446654 0.623765 0.289661
0.836608 0.097557 0.458455
0.527158 0.622783 0.337129
0.103023 0.526008 0.963322
0.551648 0.851041 0.741513
0.338357 0.763484 0.763886
0.125988 0.357218 0.890328
0.413418 0.425337 0.698794
0.984445 0.265417 0.378249
0.612386 0.087356 0.565883
0.689506 0.195473 0.069236
0.687786 0.855870 0.872291
0.468601 0.222045 0.899755
0.603958 0.304685 0.568371
0.686904 0.737141 0.433652
0.306761 0.575073 0.649768
0.968089 0.683992 0.675271
0.201457 0.141133 0.268311
0.245582 0.604846 0.082500
0.655259 0.190589 0.571142
0.220643 0.292558 0.386642
0.379393 0.111151 0.825696
0.506469 0.731180 0.777432
0.620686 0.909413 0.496022
0.835130 0.683570 0.698963
0.978170 0.108016 0.441079
0.216779 0.106581 0.221781
0.926236 0.194922 0.995676
0.689463 0.764815 0.106118
0.629571 0.340801 0.423718
0.967310 0.228650 0.426180
0.792712 0.144577 0.603138
0.264022 0.573826 0.748942
0.639291 0.864709 0.349628
0.506121 0.925973 0.699949
0.794088 0.088607 0.771419
0.274542 0.377174 0.965105
0.757923 0.846611 0.087995
0.305482 0.429062 0.617178
0.622027 0.461575 0.750309
0.901970 0.040823 0.115959
0.897848 0.167099 0.773445
0.317862 0.621934 0.716652
0.842727 0.403895 0.491239
0.350175 0.988154 0.842195
0.541762 0.991584 0.659742
0.030868 0.132394 0.654869
0.860823 0.464825 0.077668
0.410996 0.890699 0.716870
0.438308 0.351848 0.730609
0.429285 0.526058 0.166242
0.889963 0.321556 0.034871
0.431798 0.178881 0.118942
0.807174 0.344048 0.978114
0.912200 0.697018 0.620107
0.386412 0.818972 0.369945
0.506196 0.982392 0.364213
0.761292 0.484287 0.134746
0.645068 0.092968 0.622119
0.485298 0.591947 0.252507
0.722803 0.763403 0.421465
0.934729 0.162782 0.723557
0.705127 0.768047 0.468440
0.768630 0.008822 0.323785
0.189983 0.867521 0.392534
0.598251 0.955363 0.892427
0.965312 0.901979 0.996794
0.932684 0.729277 0.092941
0.127209 0.094574 0.035092
0.941115 0.098089 0.441948
0.304979 0.082431 0.506587
0.569216 0.227359 0.323164
0.514724 0.227339 0.892990
0.571360 0.908293 0.159782
0.579067 0.893686 0.436384
0.729786 0.557340 0.595030
0.349758 0.486491 0.287655
0.817766 0.890089 0.111685
0.027479 0.542824 0.002607
0.728690 0.668648 0.550555
0.761942 0.270002 0.686039
0.101161 0.739894 0.700273
0.829089 0.135930 0.710727
0.967097 0.221962 0.641730
0.833273 0.232690 0.918745
0.459376 0.488866 0.370729
0.736067 0.601615 0.706608
0.735430 0.312214 0.954954
0.251771 0.468601 0.571124
0.865131 0.981206 0.890836
0.813847 0.017108 0.596266
0.919821 0.300215 0.205263
0.115540 0.770433 0.268023
0.293812 0.045737 0.982239
0.524488 0.931091 0.162782
0.342830 0.204285 0.712301
0.117670 0.604215 0.807228
0.866824 0.008641 0.920758
0.611357 0.522147 0.113907
0.975583 0.253448 0.117402
0.650917 0.874965 0.118858
0.136104 0.361705 0.874437
0.622321 0.540615 0.365124
0.209569 0.361380 0.511148
0.253930 0.322663 0.843283
0.882747 0.636544 0.631009
0.434457 0.658677 0.685316
0.731589 0.451237 0.241218
0.839166 0.006516 0.250786
0.300665 0.936921 0.857848
0.539871 0.789790 0.013761
0.726831 0.950444 0.294932
0.708682 0.211459 0.650494
0.049360 0.665238 0.730396
0.155401 0.996325 0.800119
0.664937 0.021459 0.294419
0.484958 0.268754 0.318110
0.445175 0.269233 0.576282
0.228017 0.912245 0.449698
0.954864 0.299298 0.012161
0.189107 0.345312 0.327438
0.647796 0.815072 0.220140
0.743374 0.389017 0.486795
0.673365 0.035662 0.347260
0.631601 0.988877 0.517393
0.892373 0.658307 0.315406
0.859125 0.646363 0.618940
0.690507 0.262344 0.146585
0.294462 0.271616 0.929755
0.442337 0.581623 0.425946
0.967232 0.682778 0.993041
0.170903 0.422436 0.603570
0.815083 0.159250 0.987190
0.835594 0.353837 0.988250
0.088801 0.770859 0.920356
0.933406 0.342374 0.363932
0.864062 0.037331 0.756067
0.650412 0.102051 0.458890
0.935620 0.028238 0.336309
0.081910 0.382962 0.445107
0.621541 0.313812 0.003666
0.184014 0.920525 0.853597
0.269427 0.291256 0.360086
0.512174 0.029516 0.214828
0.424733 0.119967 0.195563
0.055972 0.797016 0.230653
0.164630 0.745973 0.934706
0.324194 0.186335 0.364979
0.800744 0.106694 0.102094
0.487431 0.013754 0.595700
0.240077 0.393107 0.150475
0.067415 0.678814 0.853967
0.433381 0.190915 0.213774
0.606154 0.465132 0.050244
0.584476 0.268583 0.354147
0.203549 0.498873 0.550011
0.615392 0.338241 0.292258
0.886923 0.367851 0.160166
0.679707 0.015498 0.510153
0.339542 0.638594 0.033098
0.890503 0.922759 0.417238
0.105858 0.469448 0.512405
0.477972 0.948867 0.939761
0.773798 0.826426 0.302513
0.231896 0.694612 0.677537
0.781207 0.867091 0.104433
0.925446 0.274073 0.586992
0.028110 0.017044 0.971587
0.274077 0.004379 0.937989
0.075630 0.964271 0.599223
0.069757 0.892317 0.712668
0.751519 0.485070 0.444562
0.582635 0.490136 0.548407
0.997215 0.134290 0.781717
0.555974 0.019218 0.398922
0.621895 0.655271 0.477126
0.373989 0.817758 0.920120
0.704765 0.873711 0.981965
0.665908 0.531754 0.446642
0.025914 0.344328 0.312856
0.192600 0.153235 0.355149
0.172970 0.431726 0.592809
0.253207 0.954724 0.827042
0.078895 0.483184 0.265298
0.139241 0.004731 0.642298
0.684086 0.247991 0.266491
0.984672 0.504336 0.659691
0.201168 0.076886 0.802018
0.954416 0.451608 0.887096
0.166057 0.593341 0.267335
0.446246 0.909611 0.880927
0.374536 0.716924 0.104175
0.538438 0.886098 0.249093
0.935141 0.237990 0.991823
0.956062 0.870291 0.621765
0.886166 0.071277 0.047761
0.993189 0.206583 0.414519
0.713010 0.996622 0.137850
0.814734 0.393069 0.079536
0.875850 0.849484 0.458343
0.627966 0.867844 0.939606
0.354727 0.484996 0.271217
0.177794 0.385853 0.020273
0.122574 0.083595 0.169325
0.170381 0.270773 0.342098
0.616485 0.520014 0.977168
