0.884210 0.302108 0.673031
0.557376 0.720963 0.301841
0.548898 0.762629 0.899206
0.707086 0.512360 0.084542
0.619020 0.779536 0.173259
0.419421 0.732392 0.796814
0.884303 0.412682 0.770691
0.882693 0.944025 0.671707
0.962834 0.557044 0.070069
0.756778 0.123665 0.551642
0.880524 0.374365 0.523610
0.253639 0.176304 0.727316
0.925124 0.748213 0.474950
0.539430 0.314883 0.002276
0.475966 0.088121 0.242677
0.777735 0.732247 0.648607
0.828287 0.199433 0.640359
0.194077 0.826627 0.602148
0.203234 0.730451 0.322503
0.795928 0.004179 0.881426
0.103957 0.339054 0.525539
0.049414 0.889636 0.173566
0.720529 0.044594 0.626071
0.703061 0.789040 0.079272
0.771652 0.716855 0.297419
0.872804 0.355340 0.263328
0.682301 0.013826 0.641987
0.475335 0.620532 0.388451
0.654286 0.105471 0.601060
0.173796 0.434788 0.361712
